0	0.9020406869497414
4	0.8994372980980284
17	0.7609287631935839
33	0.8673981961923156
39	0.8129850703444916
44	0.8604661521690683
51	0.3924287775190673
52	0.87415632989474
54	0.8802375325659704
56	0.7946421355476125
58	0.895272975421605
64	0.8774894753169797
66	0.8653335405940419
68	0.3155459212018648
76	0.8695405500360336
78	0.9351909767647656
79	0.7914855319385559
80	0.8676794506782325
83	0.8670300228123092
84	0.892333648839721
85	0.904938953642741
87	0.9041609042143396
90	0.8423598647795223
96	0.8946021391988707
103	0.8941072249488149
109	0.8827088007336009
116	0.8955915024699589
143	0.8657579193002811
147	0.8194596350624366
148	0.9103732842572294
152	0.38253255128959407
166	0.8953122255742234
167	0.8894085699357656
168	0.800569031529347
193	0.8182732628770765
201	0.8560221980659044
219	0.8116078208701968
248	0.9203367909310799
258	0.8580525076893751
259	0.8920437062401866
272	0.915059853325126
275	0.3891922705470541
298	0.4030537729185553
333	0.31554629532488127
430	0.31554586755302927
454	0.31554586283328995
518	0.31553376421566104
519	0.4320851079911896
544	0.8162877048008396
547	0.8504156220465326
556	0.8611456012442533
610	0.8820656689611354
627	0.36705559646519564
680	0.8411462381368408
692	0.3398293867301624
731	0.3254276408274426
813	0.3155465945505338
819	0.40302742295101146
825	0.860339043675952
831	0.8667928002225194
835	0.8560481371420617
857	0.3450934807054519
887	0.8500845444521697
894	0.8780140591241874
899	0.8891681376661454
965	0.856947721194529
968	0.873383443434301
997	0.9240176591052434
1063	0.8869431296008774
1071	0.896730544512701
1074	0.8562344051422999
1093	0.8255854335755847
1094	0.884081227427393
1096	0.7640874118273709
1128	0.7766772063009244
1129	0.9088124771572774
1135	0.3161660373401228
1136	0.8600968455447241
1160	0.8912489032845466
1204	0.9216895140786522
1211	0.8115646214890352
1217	0.3155458595978674
1247	0.8210934267779721
1250	0.8972792667548783
1291	0.9118584775411974
1315	0.9404139240283401
1388	0.8930827274991799
1422	0.8918637862117332
1443	0.8565791303771048
1491	0.8953243076630633
1494	0.8702360982754607
1499	0.9226702220681434
1537	0.8814598952545449
1573	0.3155458551497677
1597	0.8897297138152134
1621	0.8535732114335394
1630	0.7555162675848198
1651	0.8307831187957839
1652	0.8587948177842459
1654	0.8705382501906416
1656	0.31554592797587916
1659	0.9088645815951416
1717	0.8959022620764366
1783	0.8806809715344512
1791	0.913310601265786
1794	0.8988066202745638
1801	0.8442724742954917
1806	0.8888240780649577
1819	0.8704564574064061
1821	0.9082225905880373
1822	0.8978266997854638
1824	0.8937906491609968
1825	0.8753470863686849
1875	0.9080013496613537
1888	0.8829462995227298
1902	0.8896588398544453
1935	0.8697350957920805
1936	0.88766243357378
1938	0.876169019365825
1943	0.8774303915366928
1944	0.4227538589365113
1949	0.914814826896169
1971	0.8893309032829855
1972	0.9020702930038436
1982	0.871268174733926
1984	0.38350758275691704
1998	0.8805279696782543
2008	0.9150744463613698
2020	0.9395745293369072
2030	0.3748897456990557
2086	0.8347920680440121
2156	0.4078869968822367
2166	0.31605898515857367
2191	0.8661590652060953
2233	0.31554588272119455
2261	0.8844163261717536
2345	0.7195607934750783
2463	0.9153744426386903
2464	0.8671518619614265
2471	0.9110527128478725
2481	0.9114627746905283
2504	0.8728197158432354
2529	0.8997410210776415
2544	0.8836226373583617
2577	0.869825654912458
2606	0.9109167507543692
2645	0.8768622008281792
2660	0.877928935756213
2668	0.840001308539434
2726	0.7891922721715564
2730	0.8852608487823549
2749	0.8777751707259278
2752	0.7893872592984166
2757	0.8850738432852538
2762	0.8937645917445307
2776	0.9114208063003304
2778	0.8952868341382
2797	0.9008576864457475
2815	0.8540158203245359
2818	0.8718566069249511
2819	0.8795713937207978
2875	0.7734598407216775
2888	0.7915412358567567
2935	0.3794573030327348
2974	0.790509029442961
2998	0.7609189230173053
3114	0.3154736325926094
3137	0.8693575438558909
3148	0.7599371318573397
3194	0.8684571196388908
3202	0.896286123889372
3227	0.8907334306188157
3305	0.8959576205902404
3309	0.8626014621801944
3382	0.8620682091407519
3394	0.8868403672185375
3404	0.8464951349525658
3440	0.8694248147904543
3442	0.8608599369792787
3446	0.9192463073322023
3451	0.8450448940571434
3459	0.8680689308363642
3462	0.8292995702633602
3465	0.8971488374400741
3468	0.894674540446427
3469	0.8689896624812573
3470	0.8760600147377419
3472	0.9280321786160202
3473	0.8415377711099405
3559	0.8380932797075332
3586	0.8568637894297659
3591	0.8667043608762895
3607	0.7669343128357032
3614	0.9224810683911461
3652	0.9039751638911446
3830	0.4138140311091622
3864	0.801945532621789
3925	0.9011759150591145
3929	0.8445148509424923
3930	0.8872341541800373
3933	0.8497932223936125
3938	0.9152806684105395
4003	0.8688244045267561
4015	0.7816441860254946
4053	0.3155462250138622
4111	0.7994741548645277
4115	0.3155462606156369
4130	0.8874034568080468
4133	0.8748656311295715
4148	0.8994139816689642
4159	0.8683340899270393
4163	0.7768178840906904
4186	0.8921797598204768
4233	0.3155459257954857
4248	0.9031714749323853
4355	0.8883741864609555
4369	0.8518507774326844
4377	0.9046276447590156
4397	0.9032885964061509
4445	0.8753258083843647
4450	0.8844000804967131
4458	0.8860790592488117
4470	0.8782236583141954
4477	0.5988366763783667
4493	0.3155458487031762
4496	0.31554586736142626
4550	0.4229098319268238
4559	0.7958174189649344
4597	0.7614191115178514
4625	0.35027577054827347
4644	0.3155638710472029
4653	0.8812998077696267
4658	0.7948738417492469
4686	0.7718655016273313
4701	0.7779764859119296
4719	0.8342122622777197
4752	0.8853238976335991
4761	0.9305058905438921
4788	0.9571041605760937
4806	0.7902260658487252
4810	0.8751454064574291
4839	0.3155864797894329
4846	0.31315301872746065
4860	0.791288293440253
4890	0.8657175468683513
4891	0.89352155115681
4895	0.9057504615166699
4902	0.9094650097409764
4929	0.7908987904498364
4954	0.7905091126932449
4961	0.8877197648416087
4972	0.8314966151100405
5011	0.8247968010752027
5026	0.8572789454985692
5056	0.863731874116516
5094	0.8356321797016845
5100	0.864397978548337
5105	0.8564289207997011
5110	0.9005678469140664
5136	0.9190478956439774
5142	0.8988360584213927
5168	0.789209530589635
5196	0.9068595962666132
5197	0.8959239585386511
5201	0.8874324266359517
5205	0.8959457782888971
5237	0.8612547230048188
5250	0.8860227333703472
5263	0.8983522761785905
5272	0.8693363945851199
5296	0.8690917718976051
5301	0.872889950708612
5304	0.8818454041085594
5324	0.8647790463459257
5370	0.8802840634161249
5389	0.9118366693550405
5394	0.7785482213193038
5413	0.9057195267298285
5432	0.774337787514827
5468	0.8712788889884656
5470	0.8707074333772312
5478	0.8555994574051052
5527	0.8476555347907591
5581	0.3155458956895636
5614	0.8432276702910909
5655	0.31609314429136276
5726	0.8865043540792529
5842	0.788293685419897
5845	0.856461138686242
5861	0.9086490834440275
5886	0.8817960545578023
5949	0.9198800105182776
5962	0.7919822187369209
5970	0.8934990896287308
5971	0.3147286889438275
5972	0.8919786671747925
6019	0.8146981040434377
6024	0.35733852322407295
6059	0.7756805885188494
6061	0.3165148627114364
6069	0.883993229551416
6083	0.9066925556161202
6086	0.7905079511692769
6151	0.7905729085099349
6157	0.9036615504576595
6198	0.9175424931468357
6214	0.9007006314782349
6235	0.8680449979331877
6237	0.45667206384457076
6238	0.35277435679996844
6241	0.7642048192528257
6243	0.8498012747661037
6263	0.8167487786411812
6283	0.9112534156881998
6301	0.8956207650842011
6302	0.40125924078606445
6306	0.3155458590327598
6332	0.8430230415177477
6445	0.8235231583630465
6456	0.8982690643584019
6489	0.8705970459504123
6497	0.8570516686680038
6521	0.88324509540493
6541	0.31710714300100945
6624	0.9082953452218315
6662	0.8995804431472929
6747	0.8981391809107978
6758	0.8238841423770805
6775	0.9047912401113651
6815	0.9120458682088038
6829	0.8735506554724504
6861	0.8959025782213601
6866	0.8953454479794264
6872	0.8908675637842253
6885	0.38771953089921607
6888	0.3155459841495084
6929	0.8503531910033459
6975	0.8711644441768572
6984	0.338493144417551
6988	0.8838110340071187
7189	0.889580162141823
7208	0.8692599809673481
7223	0.793374041948916
7243	0.8979081902638467
7267	0.8995865841999816
7282	0.8711896867252351
7286	0.8712433714875341
7312	0.9106389658686449
7374	0.776897076133632
7400	0.8821402704463911
7427	0.8944084413709154
7441	0.8717358933584777
7498	0.32924320610310454
7582	0.7877368754993469
7733	0.35916869616735525
7749	0.8935526186663111
7772	0.8738818036688749
7861	0.9057650924587751
7874	0.905459250003333
7905	0.8957230382216607
8006	0.3157033057580395
8053	0.8497933480948716
8072	0.9097066864792539
8073	0.8788594921206024
8083	0.8429633816551977
8093	0.8516808775514948
8118	0.3155459890681268
8156	0.9121973962839518
8185	0.8944323495282024
8234	0.35967920084177546
8325	0.8699629399105745
8345	0.9022389149998452
8435	0.8008679453710753
8447	0.36545347957271035
8458	0.9125404684506727
8485	0.8749016634264902
8492	0.31554586325530154
8533	0.6822153539383
8742	0.7273772429928071
8818	0.8745322412582704
8877	0.8697681626253619
8879	0.9091886545336597
8882	0.9036537341400449
8884	0.31554599594643135
8887	0.920856581316698
8930	0.7702674477779871
9028	0.9060550598793846
9038	0.8940403461358221
9053	0.8684833558694484
9057	0.8905449629120309
9063	0.9183468524274222
9072	0.3833610204102241
9074	0.9180905146774976
9081	0.8729299167918435
9124	0.8427656204008954
9128	0.8852462792841739
9149	0.8258465781253523
9212	0.7615235059016485
9214	0.891137640404291
9242	0.9039582474334601
9246	0.899000403564726
9278	0.8081570550666998
9284	0.901083651596239
9429	0.8751076929558917
9430	0.8764644029080205
9438	0.8964557366231732
9444	0.9044268599780956
9540	0.7898177530939277
9547	0.8896738312066144
9549	0.8985364761835688
9551	0.8820443969747163
9564	0.8460527413335851
9577	0.8500567372129634
9675	0.3155459363239484
9690	0.8868260510583069
9715	0.9080778756385107
9726	0.8410791826513443
9750	0.8399374115466669
9753	0.8582127260949146
9783	0.892633905042254
9786	0.8715068363567144
9794	0.8893323680756715
9805	0.8981620356761101
9824	0.8807983527515281
9934	0.7798264238841615
9940	0.7821330135241172
9961	0.37742491193873584
9968	0.7613026779109251
9970	0.8638571362723456
9977	0.8072995591708474
9980	0.8826130186735268
10012	0.3591844997997594
10146	0.3308734061794737
10189	0.8526477091168796
10203	0.8462954229567533
10211	0.9169825335933749
10214	0.8775373675669699
10219	0.8734962311323345
10224	0.3157966042505331
10241	0.7511950805300698
10263	0.85022550953242
10304	0.5031782803046344
10306	0.8871667870437986
10338	0.8987578398380269
10340	0.9213266040520198
10354	0.7758996443541706
10406	0.7748871419716657
10412	0.34962797300303705
10453	0.3585898252198952
10531	0.7949042766002467
10695	0.31556428297421574
10725	0.8240531823925852
10819	0.3145875612532776
10842	0.3156774112647436
10906	0.3163534945133673
10998	0.877498548785429
11027	0.31556644197361716
11038	0.7586871389779918
11049	0.31554633168336643
11074	0.34643416805934607
11082	0.31596187829483435
11088	0.89199898794941
11104	0.8394677867852951
11105	0.8341708517675015
11135	0.8052820278826548
11166	0.33246261755838113
11209	0.8890292726734424
11324	0.9115395986515564
11388	0.3155625945177881
11456	0.9189452160098731
11463	0.8334149773770615
11470	0.8776372971695261
11475	0.8707501575005305
11543	0.3215572691383371
11574	0.7892956653594266
11589	0.7756294633492843
11602	0.7581977083592574
11605	0.38736439319912336
11682	0.382982400571165
11732	0.7251945629783662
11794	0.8852160759332351
11807	0.909439279582407
11864	0.4100592027594826
11874	0.900478343334528
11904	0.9319528883866096
11992	0.897493298679922
12017	0.31622599514288763
12024	0.8766753855128044
12273	0.9007382794927826
12276	0.8084944832473795
12386	0.8516713362855725
12464	0.8515295082303328
12481	0.3155458669127357
12522	0.31524351152731256
12524	0.37572086515704806
12525	0.31450796607765763
12528	0.8921019064712045
12552	0.9035849414679036
12555	0.8675602660162587
12565	0.3549155348586354
12569	0.8330221111018551
12580	0.862227915027712
12778	0.7585558398753782
12841	0.3915382037278929
13218	0.8067386532271895
13226	0.3155551543338083
13269	0.781407847339076
13272	0.8453215928328642
13777	0.31554586583345307
13800	0.8224564511931918
13866	0.8922426038117506
13928	0.38978779274456477
13989	0.31547963850698596
14010	0.8697157306506854
14051	0.8519591457157281
14063	0.9045610575002795
14064	0.31555039866528284
14121	0.34288214641139236
14142	0.7277857914411034
14143	0.8473345315915579
14146	0.7621530846467405
14230	0.8308952141934305
14238	0.3406487850162777
14252	0.8294491590034394
14277	0.3754605827576492
14278	0.8834259082669088
14301	0.35616818731594535
14355	0.3164591506852763
14436	0.8677090444673182
14567	0.9106745103564929
14579	0.3494835256258649
14591	0.3817710323213264
14619	0.7875638622467178
14637	0.8784157670961423
14676	0.811694661357435
14706	0.31533680007100306
14755	0.8073361382129445
14766	0.8162409708127161
14770	0.31726949684848477
14810	0.40079060462332944
14856	0.9075401191407035
14863	0.8824830621597011
14877	0.8665246892138107
14887	0.8942134604820661
15018	0.8306081655071583
15141	0.9007849336722001
15144	0.3565690884089291
15198	0.8728850362691227
15259	0.8547582110891137
15353	0.8867702280794669
15355	0.8756284462532203
15360	0.8743749460133399
15365	0.8736738170192816
15369	0.9115792017150434
15390	0.7966078018507387
15401	0.9111172264408703
15405	0.8101826786559904
15451	0.31554585885085823
15454	0.870193282025081
15466	0.8308745393534761
15540	0.31554600077531164
15541	0.431420938880476
15555	0.3637579841146617
15562	0.368820976674186
15573	0.33932615045430725
15632	0.3155458247067215
15634	0.32267222057651995
15689	0.8501538742869149
15698	0.31554590398427507
15727	0.3157881887297534
15728	0.8491606627935855
15741	0.8658547836892315
15743	0.7609195048743367
15764	0.7906953733495105
15766	0.3264905833624643
15767	0.37709543649214494
15773	0.31584786773319895
15774	0.8018691472351406
15778	0.7312512450758143
15782	0.8176544659665945
15787	0.9097513896285441
15790	0.8694009669347491
15820	0.7952655027616472
15823	0.4694501502522124
15824	0.8873634676863754
15828	0.8774288291210735
15837	0.8988732664209004
15846	0.8816354530117794
15852	0.8105786776593884
15860	0.8422496615316782
15861	0.8240419015849991
15867	0.9148150203763771
15868	0.8980515498453939
15875	0.8922285755968501
15881	0.8451619125139882
15888	0.8755628218625382
15890	0.9197879199298008
15893	0.8720435414367846
15903	0.8793639571536702
15912	0.8985564912010549
15921	0.8235777215013339
15923	0.9300070871776979
15924	0.8894450315664646
15931	0.9097071868104283
15933	0.8956124528059002
15941	0.9008160904274605
15942	0.8848931548172682
15952	0.3697328431473271
15970	0.8886103571430869
15977	0.36573672761976606
15978	0.31554594343266157
16003	0.31554601813842253
16005	0.3382945412330578
16024	0.31554600245850745
16046	0.3156562366320434
16074	0.8821971748227716
16080	0.8959022637450803
16081	0.7835078503700176
16103	0.8426982022546063
16149	0.8786750232554067
16155	0.3150034356368173
16167	0.8491986219447003
16219	0.848555985640574
16221	0.7909851308557116
16238	0.9214927210985183
16239	0.9094629600498646
16242	0.8944747727038478
16259	0.31554586131744355
16292	0.3426102317196474
16294	0.3155460253829556
16298	0.391983212232833
16312	0.3155463102844661
16346	0.3284388121811837
16347	0.39501089052077204
16351	0.9262155058128371
16397	0.8965208433559504
16400	0.7615908719925596
16409	0.3438439434943803
16429	0.897151127403753
16451	0.862349827832412
16560	0.3155458607305078
16577	0.3151569490996606
16582	0.3165960395793909
16636	0.7804296247119274
16642	0.3155636173745535
16643	0.31554627781624905
16666	0.742840679790119
16706	0.3414308316540052
16719	0.31554604245017337
16726	0.3240060039874035
16781	0.7906827766053541
16813	0.8198975330278424
16826	0.8711756936512919
16833	0.7041762880921427
16834	0.7801293394876055
16863	0.31554584954477416
16869	0.3155458615381508
16872	0.3436535655106952
16890	0.3155464750654577
16898	0.31554585788314193
16928	0.3722685619675876
16932	0.31567126577850724
16938	0.4111100942599
16945	0.330746422645458
16958	0.8853766162269369
16985	0.8644481899123388
17054	0.7905090311673879
17067	0.8311212602149334
17107	0.8928417574824458
17112	0.8658380231672715
17126	0.834633433513626
17144	0.8197972001325343
17147	0.7763197135236678
17170	0.8662153809708326
17177	0.8858776646610781
17199	0.8228280941927937
17208	0.8529645083525828
17213	0.31554585408988794
17215	0.9052776424667655
17269	0.8991354190327728
17270	0.8269664200478009
17291	0.8328178129139946
17298	0.9305058901849397
17306	0.8322758033877735
17331	0.9020496756738886
17347	0.8393384406676441
17366	0.8238660909239525
17389	0.9034781418966986
17393	0.8867959305065363
17429	0.3155459763568452
17435	0.3155458803588996
17440	0.3312294825450104
17443	0.8758655161596852
17445	0.8749424358987716
17446	0.8303608838092145
17450	0.8558574247990427
17451	0.4027662375970841
17453	0.8903008718039543
17461	0.8658388219164554
17470	0.3738598197633787
17474	0.8558721052838588
17475	0.3664561982678619
17476	0.3155458650670412
17478	0.8567355952438068
17480	0.3155458589575738
17483	0.3153776078855463
17484	0.4400269981198868
17487	0.9047096948272527
17488	0.9180247995761422
17489	0.9056996180617001
17494	0.9307497101456894
17557	0.8636713932667088
17571	0.3869040902260936
17573	0.8899911601566584
17583	0.8886270835863944
17590	0.828584144764142
17601	0.8770379585995264
17604	0.31508636168964393
17722	0.9028534873022144
17739	0.38610117429563656
17740	0.8846829851718186
17813	0.8964383382282005
17881	0.8101215860518104
17946	0.8892410935873631
18024	0.9073937177114128
18031	0.36203182459993727
18060	0.3146667197705477
18098	0.8903404814353004
18215	0.8151723453113602
18226	0.9064746587532942
18273	0.8874729898462451
18287	0.7958559730821203
18333	0.8523938570421682
18372	0.8917371341363277
18380	0.9019984924849997
18381	0.8414718042616668
18386	0.31528452566431464
18398	0.8887177899500271
18399	0.889212614064218
18413	0.3155460529398304
18423	0.8697584548637227
18492	0.3294299229563738
18507	0.8928279553905958
18606	0.8479652593603423
18627	0.31554628686524566
18632	0.8548747848887905
18636	0.9120055973119036
18651	0.3155458589672753
18698	0.894720310431431
18708	0.915293654865464
18720	0.8924884757968029
18729	0.3418801368097804
18751	0.8682169198152199
18758	0.8404279941965331
18776	0.7707153541689197
18785	0.31555452895864594
18888	0.878856730527391
18899	0.8746852560925379
18904	0.8758598313767605
18920	0.3155091190296041
18926	0.8670485978848631
18931	0.4436424985543527
18943	0.4201264045026189
18977	0.8519005459585335
18999	0.7713427000043654
19007	0.8657217114198429
19015	0.891673012895309
19024	0.8785404591845876
19050	0.8915861652775293
19061	0.8904090573123032
19117	0.881573603784393
19123	0.8728141603874743
19127	0.8528677275922716
19141	0.9238842522824927
19142	0.9149232005052903
19176	0.8510829195028229
19193	0.9099332859011071
19221	0.9140329031487149
19250	0.9024334694895929
19255	0.9143140856573941
19257	0.9124838893094437
19260	0.876787774257045
19287	0.9150530441649584
19339	0.3155458657412896
19394	0.890013534321053
19452	0.7986972260370924
19493	0.34812927579541714
19554	0.31555308941147203
19555	0.31554588269694106
19583	0.7769933121739356
19597	0.7767621003225521
19628	0.8920549094994965
19646	0.9060534036001318
19737	0.31554599205131245
19766	0.3696320772826328
19768	0.3155645863860297
19808	0.7003329177988986
19834	0.3154272823391811
19836	0.6924647880280589
19913	0.7483788426398014
19986	0.3155461007726664
20019	0.3155458609803193
20108	0.9016270224252814
20120	0.8457571696954679
20129	0.38292125850188546
20132	0.859430809988112
20233	0.8660120983927792
20333	0.8641204970744267
20345	0.3829440000080059
20388	0.3867226167873613
20405	0.8385692307968288
20412	0.8524434442412591
20415	0.8342153416602451
20424	0.8501314771034835
20518	0.902735437970383
20533	0.909799804588452
20547	0.8999297752721189
20584	0.31535405086861884
20589	0.3157039254530223
20596	0.8286519407272619
20627	0.9286147840899657
20662	0.8132923809299072
20666	0.7975711339258654
20668	0.7292934403619652
20670	0.8860222326583922
20768	0.8793392030425297
20769	0.8656535300558096
20778	0.9004829500984306
20782	0.9233612686245652
20799	0.9005260608450221
20812	0.8848851820715816
20822	0.8911404862688607
20859	0.8634484540730397
20867	0.9133054202095316
20871	0.9087576332575591
20882	0.8933885161238851
20945	0.9513793767255667
20987	0.875570187956797
20990	0.8835504068193624
20994	0.9180291512388616
21000	0.8917506423237523
21014	0.89522170328285
21019	0.9154110260245967
21033	0.8512028607928537
21041	0.878651345368526
21061	0.7588981137876873
21082	0.8631461855589543
21087	0.9048127086969979
21151	0.7745974142948964
21156	0.8897015158102097
21159	0.8881203359627247
21163	0.8773900277293226
21217	0.6423217080629327
21218	0.8318714083125114
21239	0.7882371933464593
21243	0.8198945504193761
21249	0.8428981901514397
21256	0.8263001503959988
21279	0.905574418346615
21294	0.8775970823734947
21406	0.8640967787180853
21442	0.8496352362671271
21504	0.8099837159515384
21549	0.886956949368709
21556	0.8708544377059267
21563	0.793274968947518
21565	0.8765243710937269
21641	0.9128100257999728
21661	0.9062633501542232
21706	0.8654137139522817
21817	0.8035020905350883
21880	0.37884738139075463
21941	0.31554581747188976
22051	0.9066790033187783
22064	0.8594701114369724
22071	0.791285517809091
22092	0.9029187956086064
22214	0.8800576657255351
22221	0.8119579673465106
22288	0.8708694227643012
22324	0.7675588808474667
22329	0.8657608250516973
22338	0.8971303525785707
22343	0.5088960932869263
22355	0.7850642054460919
22357	0.8651502427335239
22368	0.859056019082452
22380	0.9040819797922597
22381	0.9409493283011998
22383	0.9567440246429487
22433	0.9315354101721021
22481	0.8828817843047448
22519	0.7908559702655323
22552	0.6183239392532743
22600	0.8371908431644287
22610	0.4181230843713709
22617	0.8793561458686654
22637	0.8047153668474785
22662	0.9004572268860757
22719	0.8721851222320114
22721	0.8702313297113264
22752	0.7880033752094222
22823	0.8875289584409275
22832	0.9212466368270614
22874	0.8850586195550455
22916	0.899012989707659
22926	0.8142951303664235
22936	0.8244969421553937
22940	0.7863963734667693
23053	0.8586814537638391
23066	0.31496249741582794
23076	0.8947819285007312
23084	0.905268879106533
23091	0.8929198219321249
23148	0.8566309982362161
23207	0.9112748973804469
23254	0.8132719274787121
23278	0.31554585758482334
23331	0.31547571495324256
23336	0.8630437648944731
23340	0.8483567444860538
23362	0.8982357938414471
23393	0.35765988104159185
23395	0.639517073726988
23411	0.8747825629970687
23440	0.9241417312974013
23471	0.883833934201741
23475	0.8006893488584241
23489	0.7913033149735299
23495	0.8800726735555605
23522	0.8959022713121856
23551	0.8380469859381795
23564	0.8941759802438223
23567	0.7788039932268108
23568	0.41738767832137563
23592	0.8727106464096871
23604	0.8960332672382445
23668	0.8753802317179588
23674	0.8497697908402592
23678	0.8633182361569608
23693	0.9016617357199819
23735	0.31573628281198346
23743	0.8826020835468283
23755	0.8671960966608233
23757	0.7967197933268074
23769	0.8820697235955733
23774	0.8908147062229408
23786	0.9043254114028649
23802	0.915578368056882
23821	0.8965928283254085
23838	0.9421145955488387
23862	0.821106179147408
23873	0.9313715349605531
23917	0.8827280169509704
23929	0.90254034473185
23936	0.9049149785844829
23937	0.823004884954036
23938	0.8915025032194325
23946	0.946807805423364
23970	0.9142412629948391
24020	0.895902263565604
24028	0.9595522932921675
24029	0.8960360307159564
24069	0.8465576274445273
24070	0.9011185833304682
24084	0.8789860499515935
24094	0.8944162969428883
24145	0.9158075296568969
24156	0.8825991095483695
24196	0.9173342152558559
24207	0.9168205672301926
24216	0.87400523031905
24227	0.9036615714951822
24229	0.9095607867732911
24234	0.9132182231636924
24245	0.858813974815696
24273	0.9053416654712366
24276	0.8855002351494938
24472	0.9262593699302348
24473	0.8654696866991708
24584	0.8508993263069203
24607	0.9134164471464774
24662	0.8995041366889471
24794	0.8974254906773437
24865	0.3823744262606467
24878	0.8230345208593979
24900	0.8729786659655645
24907	0.891500389751206
24994	0.8778191138880452
25061	0.8953249199097832
25187	0.450468920503746
25269	0.9063288666724251
25380	0.8888074342316404
25386	0.8929484530083797
25393	0.8313795769787221
25421	0.8885418278619892
25584	0.8717770693466431
25606	0.8699279827756102
25607	0.8879816636547135
25622	0.8918332662841577
25623	0.8960463073759595
25655	0.8787387946827346
25805	0.8934613000389808
25835	0.8747686574881145
25837	0.8436305472546799
25968	0.8790258708943519
26001	0.3155458630709746
26020	0.8094689671255008
26039	0.8046159428318391
26042	0.8012565200668624
26056	0.8707848434178326
26058	0.6372091453763856
26076	0.8677148408917235
26121	0.8541537469598148
26153	0.899138057529556
26171	0.7905090242648297
26179	0.9005343098894876
26206	0.8583497458247629
26234	0.8771273709614922
26263	0.8539184399196452
26295	0.8461108905011949
26376	0.4085611546397133
26523	0.31559922609063235
26525	0.31554591924702924
26535	0.3825353204232319
26591	0.8773909264128023
26604	0.7901039621274166
26644	0.8271999629871697
26697	0.8836238554755453
26785	0.7756394673679426
26840	0.8727541680112848
26870	0.3893849632184793
26874	0.873153928001783
26913	0.8797572153248889
26951	0.8852732971142355
26970	0.885441880794491
26978	0.8683958283787968
26982	0.8949892065782359
26994	0.874503774213573
27019	0.9051258641338664
27074	0.9094614529929559
27104	0.8094795628699569
27151	0.8729373761409726
27202	0.44277154738260355
27213	0.91119282927485
27243	0.7608184368662889
27395	0.8673384816695573
27396	0.8822600993309551
27419	0.4113889092541989
27424	0.315546147882747
27482	0.3479465555208818
27517	0.7919793449613748
27570	0.31554602595048853
27632	0.4122214399797349
27692	0.3155460094677812
27811	0.8274182221494104
27868	0.39911124150594357
27871	0.8594489763278447
27883	0.888386600100569
27895	0.8946120564989883
27908	0.794617825977223
27957	0.8050385208726372
28072	0.40732518838423376
28167	0.3156877195707687
28178	0.31761317641121706
28181	0.8858318056170671
28310	0.8608597261941681
28391	0.8598554288553523
28452	0.859978034891775
28489	0.8805423778151933
28525	0.7905090231030851
28554	0.875324264321401
28559	0.7612996496087849
28599	0.8885194840994103
28600	0.8580898376890511
28603	0.7621730484383198
28614	0.8375340615969868
28615	0.8478102140971262
28705	0.7581955518094636
28706	0.8615262252650773
28712	0.3400610063927326
28746	0.9211706259539114
28752	0.8165581549909411
28819	0.8736449138764911
28825	0.8735752444873034
28871	0.8956383766047513
28891	0.880561741515928
28927	0.8736040297360502
29078	0.865364671225812
29099	0.8274375166790424
29141	0.884635601421596
29145	0.867515668908306
29146	0.8916135371486745
29149	0.8259818829502853
29172	0.9005262896020074
29183	0.8633052832204317
29194	0.8156768999491398
29201	0.3552783951824837
29204	0.8817717123615476
29235	0.9000325889749542
29246	0.823233350489514
29488	0.8900843658623754
29510	0.3155458627702307
29593	0.31554586006111
29602	0.8083130700544461
29618	0.31554627058869344
29628	0.7605109556717553
29694	0.31570000180711544
29727	0.7570778688645884
29736	0.7909211964930867
29803	0.8849535468045214
29820	0.9434706206512687
29838	0.8603051158734493
29873	0.8453903958370144
29909	0.886040016286929
29919	0.3153732779442992
29932	0.7894322022885611
29947	0.873268854377175
29962	0.875229029940267
29965	0.8724144953350418
29967	0.9142899703093713
29973	0.8097120793242305
29995	0.8804743581592277
29997	0.8579211895574322
30004	0.7617109346788458
30033	0.8971424469130239
30109	0.9016045456101947
30156	0.7907591535493447
30157	0.8897943030404574
30175	0.316868377408136
30181	0.39607147598013775
30189	0.3944827993821361
30204	0.3216917466361372
30219	0.3597096600772867
30257	0.31554595112588524
30263	0.8297665049964478
30266	0.868540617122151
30279	0.8855315141644357
30312	0.7021403130012683
30318	0.8377872075686202
30329	0.8501918781809645
30335	0.9045083782752914
30339	0.8456786348362092
30355	0.8874408991428543
30357	0.8697267064360221
30360	0.8586015432630653
30374	0.31554986086966164
30391	0.3498573214377895
30397	0.39407161529897483
30499	0.31554586184132
30575	0.3155458614896437
30594	0.3150952387383559
30658	0.3166470324240545
30782	0.8931817663976721
30797	0.8161752101098504
30909	0.9390645865418755
30922	0.8242207951113797
30939	0.9098747238945514
30959	0.8551833453902091
31040	0.31635635098401094
31052	0.3440758591665833
31108	0.3158648487829174
31130	0.33873138067201347
31251	0.34303088700994866
31270	0.3156700275793906
31322	0.3987233779240162
31342	0.31554586593774336
31426	0.36360238990647115
31439	0.315619412709206
31446	0.9092055725047652
31465	0.9247469253079507
31467	0.8848035399115451
31472	0.8800610070608691
31480	0.8548908869052492
31494	0.8853132820182157
31495	0.3154674549971084
31508	0.37555714343889235
31524	0.9030937078505371
31531	0.8613532373816535
31557	0.7477383856862239
31559	0.8118836581649463
31561	0.31554598766142133
31571	0.768832605138838
31572	0.3155535773563624
31573	0.894408513207482
31581	0.3564185785629704
31585	0.748331579451512
31592	0.9000449212124036
31594	0.8696821527807159
31595	0.9108920499403875
31597	0.8981771871792693
31598	0.8958453653908545
31599	0.9280936406404547
31610	0.3155461252905723
31624	0.315545849030599
31651	0.39535008880985467
31654	0.435713313668033
31671	0.3887007402749108
31792	0.3155458042803881
31809	0.7598422419274384
31824	0.7365179785859386
31839	0.4142786274199931
31874	0.7787762174905304
31877	0.8499064827762075
31881	0.8027126289685946
31908	0.39767093673138787
31910	0.8332037681180742
31925	0.9285859502953288
31931	0.31563813249779593
31945	0.8916310209646231
31959	0.31554596875093444
31967	0.35243759322455587
31992	0.3250908663403613
32074	0.3155533367927526
32144	0.3155460096618095
32150	0.31554610269597233
32159	0.31554637162652527
32164	0.3155460772540065
32187	0.360118054847863
32197	0.8731701561730421
32202	0.8842919510091963
32207	0.7840660511584567
32281	0.31554587298824804
32285	0.46661277676046936
32359	0.8452976117160708
32392	0.3155458434377322
32404	0.43992827622731917
32436	0.8098643972790421
32491	0.31554585838033955
32508	0.37389853245022403
32536	0.8761637137555044
32590	0.31554623502814977
32690	0.3860358306688106
32709	0.41274137691738233
32716	0.8453879729226926
32729	0.8486407883524657
32772	0.40843822480394903
32859	0.8833015068256383
32866	0.8248079371376486
32906	0.3490845771128096
32911	0.7349860048464852
32985	0.8907106983144892
33085	0.8972472034458637
33149	0.8435784183158874
33155	0.35283306975814605
33183	0.31555145606394314
33269	0.3158821038952383
33288	0.8833261149013499
33289	0.9240798936559319
33306	0.31567934640394973
33328	0.8549018393271488
33408	0.8603782247059749
33418	0.8526076570475645
33428	0.8666100722668874
33440	0.8724314107110187
33449	0.3155614744528252
33452	0.7972301670393752
33462	0.8836451448638808
33474	0.8760242403408649
33485	0.8903303036860934
33537	0.3155458599519691
33596	0.3168556296177691
33612	0.3687496689194115
33671	0.5052755339370452
33681	0.37166526042698744
33690	0.3770677062385323
33712	0.8892556035527994
33718	0.9101541301659575
33719	0.7929454023682421
33743	0.8361731352053381
33757	0.9148148288728327
33760	0.8016900068707586
33767	0.9252538765304068
33768	0.8162471140749026
33772	0.9250742662342404
33786	0.8889031959987755
33800	0.8902265511989716
33842	0.886739527802551
33868	0.8993265959742224
33884	0.8360522486626009
33894	0.8826422016342855
33908	0.8217559047110107
33919	0.9085305824263514
33924	0.917121075851467
33930	0.8803651233189466
33936	0.3155459797790201
33956	0.7748973162647429
33983	0.36526634136992714
33988	0.31554585853798756
34004	0.8900247456519418
34066	0.8732853573774484
34075	0.9103893793614287
34081	0.7859594878927254
34092	0.8730608406873074
34097	0.42046614041512265
34150	0.7581963943120379
34175	0.7621766163478205
34194	0.3158635199386119
34195	0.7998259247565448
34206	0.782937767344352
34303	0.8497933421357761
34331	0.8612950833245295
34354	0.31554585889451464
34359	0.7913337532006227
34385	0.8775382509610165
34387	0.8736514319844496
34388	0.78963182775016
34396	0.8630331318650465
34404	0.3155458254949616
34419	0.3679850987754882
34421	0.3153698195928996
34426	0.3954764685883156
34435	0.9263849093428584
34447	0.4315524543659179
34480	0.8513868570292711
34530	0.894533166815257
34546	0.39844247385812886
34558	0.8139988749409125
34625	0.3763104493525259
34688	0.3727923027095388
34713	0.31554599033173636
34718	0.8535965814314024
34732	0.3142863476445884
34736	0.8597873014408982
34783	0.9148148306093862
34844	0.7604512321776118
34854	0.8545302307045178
34858	0.8598350454459619
34909	0.8599333456470407
34942	0.8985648276164809
34943	0.8513635964076077
35041	0.9297498270898139
35042	0.9004872119042014
35089	0.9194693043002343
35100	0.8292377129110372
35107	0.9727715966509098
35133	0.9303357669674311
35184	0.7745825433106324
35193	0.779489086268634
35194	0.7895056435280107
35198	0.7984029177781191
35200	0.3855565302186838
35205	0.8272940412722786
35210	0.7586236727669415
35231	0.8452898705868624
35269	0.9158253820757556
35286	0.8479817971814264
35400	0.8832822363919004
35434	0.8171192378253844
35439	0.7905161099711623
35457	0.4334039679719494
35465	0.7813819437749553
35469	0.8824071031212217
35473	0.8234033386147919
35508	0.9111930049262794
35526	0.8704967803295798
35600	0.8959969006499019
35601	0.901369858677318
35611	0.8553466815376765
35633	0.9018024139511622
35666	0.7237030425467047
35697	0.8614601171520465
35728	0.8597674184669726
35731	0.8995169573757605
35845	0.9474773875027032
35848	0.895207507825223
35849	0.8690178030441715
35863	0.8908915662926427
35864	0.31554585780553057
35875	0.8997037662809242
35877	0.8859972587689273
35907	0.9101102379023238
35923	0.8924742429790194
35954	0.901632853854824
35960	0.892470443222632
35974	0.8516889500059188
35983	0.8609719422677398
36052	0.8870600129097086
36064	0.9080383919800631
36067	0.8951196878853589
36076	0.9067684309895802
36087	0.8681027044785017
36090	0.8965964013912122
36103	0.8953284454556216
36121	0.7612660050925066
36168	0.9142627491448871
36176	0.8955166061343895
36190	0.8641885330772799
36200	0.8828903142876919
36257	0.8948886606446631
36268	0.7080288391806114
36282	0.8416416431330708
36285	0.9107233273891997
36376	0.8534016710233471
36435	0.8727181882135838
36437	0.8292398259329986
36459	0.8627367244110564
36485	0.8922190798742295
36498	0.8469277217535895
36511	0.8634507055754514
36521	0.8298359063864187
36535	0.8576411543261903
36557	0.8761348622485052
36568	0.8805287194255815
36569	0.8883910651388973
36572	0.9276092210266882
36580	0.872696422398365
36606	0.9017360089432443
36624	0.8594445895799508
36642	0.9288143995008968
36647	0.8709830800197357
36682	0.8853012492052978
36695	0.8261385220204801
36726	0.8785984557489092
36731	0.8706267821805521
36732	0.8485416161540799
36738	0.9013317621274608
36747	0.8967321995720009
36776	0.8856573901167869
36778	0.8817591336232212
36795	0.826154372003829
36806	0.8577213867854617
36810	0.8491912020415326
36856	0.8797120038359048
36857	0.758513191355221
36859	0.38555555333450775
36867	0.8959022619988253
36884	0.9077199246706091
36888	0.8905075591888623
36893	0.8884843363388799
36943	0.8975774477976548
36955	0.9133773310262098
36956	0.8996664530428712
36976	0.8872988496091174
37063	0.8565862832220931
37066	0.8697518924130128
37093	0.8488702132562116
37233	0.42025146976091626
37244	0.31554605771292754
37293	0.31591500216882623
37335	0.8940078646084257
37351	0.8642276537426614
37362	0.3155504413612186
37370	0.7955936987295924
37420	0.7590680591903504
37424	0.7807811326972176
37452	0.8215873802603305
37488	0.7909060845838352
37515	0.8930463521601592
37714	0.7516998584241317
37758	0.3159189969382459
37825	0.8574114840833119
37846	0.35561238341050094
37862	0.8136890429693682
37891	0.880748962015831
37917	0.3491686301137545
38026	0.3155461082718617
38032	0.7278237503666602
38126	0.7968966538679162
38127	0.7981137978975446
38152	0.773827287361267
38159	0.3155559094702726
38178	0.34371563300541
38198	0.8369195084306628
38205	0.7912720800976096
38214	0.7671769855650973
38245	0.31554585712885674
38255	0.8127033275523066
38269	0.31554603738360837
38276	0.856960543964722
38277	0.8700379266221184
38278	0.9208718665247855
38279	0.905230844747609
38284	0.8926353101251443
38292	0.8533631809549156
38293	0.8898979783309794
38295	0.8826188122457155
38302	0.8564930909916443
38303	0.8676280405198443
38304	0.8914666564499855
38308	0.9061294787572953
38314	0.8966877741112175
38316	0.8158832424195722
38322	0.8101136706851542
38328	0.8322925731503331
38392	0.3470277626726289
38410	0.3677760918497064
38426	0.8628735998202014
38432	0.8595492542403725
38435	0.8602220524509846
38445	0.31554585773276994
38447	0.8878651293689077
38457	0.9326085413340444
38465	0.8427856749079987
38470	0.3645455481276636
38473	0.8013130506355225
38481	0.3160379401319527
38482	0.3966438454988003
38485	0.7996146412647406
38513	0.9061170717583018
38516	0.7896224145429409
38529	0.9446571029816657
38552	0.786557935819295
38556	0.8428583712459788
38563	0.8857704325036931
38589	0.9228725881533414
38595	0.876846388629424
38601	0.8498524856816421
38605	0.888565921141714
38643	0.8666827831909477
38666	0.789746989843304
38670	0.7927509807248467
38677	0.9040951874831461
38704	0.8900328448216427
38713	0.8893725052918976
38715	0.9158075296399193
38719	0.8758781336648737
38722	0.8969869637011697
38724	0.8742496424397359
38740	0.8809184693582893
38765	0.8961987612185179
38780	0.912747496195241
38803	0.9331668178759978
38808	0.9085526060106429
38834	0.860855678850345
38836	0.7151483656274661
38840	0.3698934895454256
38851	0.7947069665103378
38855	0.8457188056435913
38861	0.8901937740354472
38894	0.889425098242185
38902	0.8936078581121998
38910	0.4137046892113201
38930	0.779899843659226
38934	0.7610937703009736
38963	0.7338968348049052
38984	0.851991602257125
38996	0.7618303457840169
39098	0.36007654939472816
39099	0.3158764279114988
39158	0.9039835964136576
39170	0.8960966101830916
39178	0.3155457612376267
39184	0.8457215207039566
39205	0.8421903292520225
39257	0.835891252050628
39281	0.9242139002954621
39294	0.9109459744004448
39295	0.7615301023364218
39317	0.7905937432462175
39345	0.3155458973800355
39367	0.8218144718132356
39386	0.774043097126743
39477	0.8891865374680508
39508	0.8823597962377507
39546	0.8529367014165457
39584	0.7233712681335198
39596	0.4157082839945315
39599	0.31554585886783576
39602	0.37201881313383844
39603	0.3155458593771601
39659	0.3164812251753276
39669	0.7757114111476098
39679	0.8742551115795655
39683	0.8459236588786176
39688	0.7586642456252939
39691	0.8691190056666552
39705	0.87806213615464
39720	0.887135597279467
39728	0.8613415567665496
39751	0.3155458572840794
39759	0.6392590769595855
39780	0.8682177451002044
39784	0.8685338927620689
39800	0.9210358330290924
39801	0.9336123195524666
39804	0.9128496229067896
39806	0.8907818270368907
39811	0.8862698061895088
39817	0.868783395196806
39825	0.8747770440259113
39826	0.8496424103970242
39876	0.8627686516285946
39904	0.8678210696800644
39915	0.8480033988074398
39924	0.8013356947636706
39937	0.8660031762688589
39943	0.9682793165134506
39946	0.8495102957569244
39962	0.8262656560089201
39965	0.9153946096385734
39991	0.31554590749376266
40010	0.31556157536453855
40019	0.3889879625171061
40020	0.3155460247669157
40027	0.41637380137421254
40034	0.9095433784513436
40080	0.6403421560684217
40103	0.8445643710417333
40125	0.88170300499154
40130	0.9011428027868215
40157	0.9100032742947112
40178	0.8893326367588383
40200	0.905077710995798
40205	0.9720759078379515
40217	0.8987166607623853
40220	0.8485565361620289
40226	0.9013470303677698
40227	0.47113445081357264
40229	0.8980623747833992
40231	0.9139194517330939
40233	0.8819470149787936
40236	0.7759657869314851
40240	0.9053521855131113
40242	0.9094986321938073
40267	0.7808287885697591
40281	0.9089921010233006
40344	0.9029630415470953
40391	0.3155461015172502
40400	0.8618993071230524
40426	0.7703747427981285
40451	0.8985774389394414
40482	0.31627199423412794
40483	0.886871495429804
40531	0.31554580550034134
40584	0.8175829844691446
40595	0.7253773646550655
40646	0.8544566695870849
40745	0.8890343656626593
40763	0.9007582866036138
40817	0.8068744627343822
40850	0.88585878288793
40864	0.9214148074719172
40917	0.9046790935726993
40930	0.3154872278769296
40980	0.9053228036175228
40991	0.9059005222937412
41022	0.31554585533652
41033	0.7895542416385432
41042	0.9273434514986075
41088	0.31590781583697225
41095	0.3938504321660571
41110	0.31729350004812823
41336	0.9143201257983696
41339	0.315545778261188
41447	0.9057170510349479
41473	0.8967732095980275
41501	0.7965447230269671
41514	0.7609195050707904
41536	0.8689264697943808
41565	0.3148707393652441
41572	0.3581238942366325
41610	0.31554658543847797
41696	0.31620122041381066
41703	0.8673949880792639
41726	0.8093390266966244
41737	0.7149066746281059
41745	0.8791603843747072
41766	0.8241575898951232
41773	0.8274369448702535
41791	0.9280141014129062
41806	0.887310976077089
41807	0.9492484248261771
41822	0.8954356396828921
41846	0.8193319700717928
41857	0.9269769624664785
41871	0.3310512963489368
41888	0.8293918164237586
41949	0.7580616464090696
42048	0.840820584114752
42065	0.8565449464305166
42066	0.8231683349330786
42117	0.905888416019269
42133	0.7904038773105931
42143	0.760919489019796
42159	0.36849795072955865
42167	0.9149400678034703
42189	0.7539224213006245
42190	0.9023578850955812
42195	0.8817194593464835
42213	0.8522622655291474
42255	0.6581942744597941
42257	0.8452244854913299
42261	0.8144203741453444
42285	0.8550983952580112
42299	0.8694535115137718
42335	0.8866500831348667
42370	0.9010486569652989
42425	0.9077467020559035
42439	0.8881570305729505
42455	0.8542725731180533
42467	0.9109692630786059
42492	0.901632550401779
42494	0.8981185557420979
42521	0.9141235620845455
42557	0.9038269541492713
42588	0.8895234145597426
42603	0.8617338212095073
42634	0.8594035193784605
42644	0.7600521392177347
42650	0.8867879654370957
42657	0.31561524174507777
42711	0.8758921734341619
42717	0.881986844589768
42727	0.8417440435628216
42749	0.8708694512476614
42769	0.827462262546404
42772	0.31596986322307513
42773	0.8367565393120509
42780	0.8782330289928281
42781	0.8486320670066445
42783	0.8873646794758097
42784	0.661088547593626
42785	0.9143139518190717
42813	0.8902125726844298
42836	0.8584548888838809
42916	0.8791646199769511
43004	0.8159395723726318
43060	0.9097479525062699
43062	0.8681004546714125
43097	0.8518910348688686
43135	0.3495631543950663
43140	0.8786027644222253
43143	0.894613906185689
43166	0.907229876095871
43175	0.9101153820689405
43208	0.9016979835120491
43244	0.8582055276944979
43291	0.8694159417702557
43378	0.836905439414028
43448	0.31555709516289554
43490	0.8828889119211984
43503	0.9167348882741985
43558	0.9128820636203249
43585	0.8890511830567505
43626	0.8294935167459072
43760	0.8875133531127611
43805	0.8901526559307852
43807	0.6392806591318326
43843	0.7886622751459117
43850	0.8860478852880883
43852	0.8599745362625179
43887	0.9042245020348118
43979	0.8755726685048112
43993	0.8699990247867476
44018	0.3156470352310091
44111	0.8109165513873412
44137	0.7909298972355238
44190	0.8221634288133739
44293	0.36293282626224954
44294	0.41008088983072555
44297	0.8601983709794301
44315	0.860222048216316
44320	0.8959005297696045
44339	0.4140332664231219
44436	0.3155771515860289
44450	0.8793710252907366
44464	0.8713823661566513
44494	0.3155458518634127
44539	0.8054033740761
44553	0.8567319748520661
44578	0.8610858534286573
44590	0.8168456694543659
44633	0.8070380198000902
44662	0.7838666287935956
44701	0.5255854761415214
44702	0.3155459515939786
44715	0.9208970211492218
44747	0.7896768703981097
44753	0.9220881737004895
44950	0.8616544346846863
44958	0.8360139217841287
44974	0.4098200701280524
44979	0.4370634072926331
45005	0.8698212067788487
45011	0.810045770065574
45039	0.31554603035008105
45049	0.31554586006111
45051	0.3155456850378475
45067	0.8832816385808886
45070	0.8790902622422205
45079	0.8503531782872136
45255	0.8867567363359441
45340	0.882608576945278
45343	0.9194301161226927
45479	0.8876380548419892
45499	0.4618399038440621
45524	0.837797907923455
45562	0.31556341135041327
45584	0.9243585433962952
45585	0.9142523314311329
45631	0.8955636883112168
45673	0.8742012355853618
45704	0.9358601271019477
45728	0.31582251197656164
45733	0.7766998504193714
45764	0.772588428184495
45796	0.8685566992652575
45870	0.3828970337412826
45873	0.315553947351426
45881	0.3155460293896408
45887	0.6747241311680057
45891	0.8497933532536
45898	0.8008238613686379
45971	0.6894882329281704
45977	0.9151898092859708
45982	0.8858904843728995
46003	0.8911250478632735
46080	0.3155458588435822
46121	0.7753812241845505
46125	0.8950435914311595
46217	0.9229760133874172
46259	0.799582364175303
46346	0.9232189780445729
46398	0.872897343280463
46442	0.8489183155564302
46489	0.8925328279585306
46578	0.8942813314322879
46581	0.8983758029537763
46601	0.7617327018716654
46649	0.8891673050323375
46655	0.8155224330601466
46692	0.8765681667555015
46708	0.9142849008654932
46742	0.8854688000145007
46743	0.8503532135179093
46832	0.8703148572592778
46849	0.8596982164556715
46873	0.8937035326538953
46943	0.8719850741597144
47009	0.7930366032834302
47085	0.8753324662945917
47120	0.9098091836927653
47122	0.3155647694711697
47133	0.8927313024173482
47135	0.8613049205709803
47141	0.8947442531330384
47151	0.3523659724317365
47191	0.9037824667885974
47201	0.8993995968178512
47213	0.901945691810399
47260	0.9323120809806533
47350	0.3757578387848752
47429	0.7905090759588298
47487	0.36970416003024664
47520	0.8440023201538288
47596	0.34945321559572035
47620	0.8555831557262102
47658	0.3155458529135911
47688	0.3159385424338321
47698	0.634715289183901
47705	0.3155458415144263
47758	0.31538165934034496
47841	0.36470120117252236
47861	0.8236034212532375
47873	0.864684449357584
47912	0.8870977751632914
47925	0.8463836936123206
47975	0.879285725318169
48024	0.8406905687812357
48028	0.7834587797762277
48095	0.8561134984472947
48108	0.8978105193063702
48112	0.8483774274824746
48129	0.8833132782605563
48169	0.8166321797487895
48181	0.3399225720968588
48222	0.4500189882241281
48309	0.7985952708465947
48317	0.31554584528342666
48329	0.35860885656706404
48469	0.3718656209479683
48587	0.8116377280344518
48601	0.9038528243041374
48647	0.8972522396308593
48686	0.9285555570415792
48710	0.9041001385018278
48713	0.9289185746544999
48726	0.8757153297977721
48741	0.8291640140844164
48764	0.9240821095929492
48766	0.877886830112794
48784	0.8645675135883409
48803	0.8583003502723123
48805	0.8439728932412404
48807	0.8397713694775689
48820	0.8736965173404619
48831	0.823238602140554
48834	0.9100643460287179
48836	0.893286963246296
48837	0.9011668581485583
48838	0.7544168392213402
48841	0.8412289755407649
48857	0.8088475589282847
48996	0.8478358852152978
49002	0.31558000853689266
49053	0.31554603971922446
49071	0.8835873373462196
49072	0.8955254241208753
49105	0.31554589100620467
49154	0.8596409270640087
49156	0.9021089848302172
49192	0.3154999329737861
49225	0.918566752416984
49226	0.7701505846723566
49253	0.412029126510018
49275	0.3502759229963389
49395	0.33359056279788624
49480	0.7907310231729182
49532	0.3153672608393382
49553	0.3828220477355167
49557	0.3155458605292034
49572	0.3155518655413482
49573	0.3155458603012201
49625	0.5245070011456757
49650	0.8399256849250191
49653	0.8915078920509328
49662	0.7934886669885972
49797	0.31554603027246975
49812	0.3620680158933778
49823	0.31557199437343203
49845	0.31554587895461944
49881	0.38816966761921795
49916	0.4039269875982196
49920	0.31571351814373017
49924	0.3155331616388284
49950	0.31554586830973974
49961	0.41299602406686603
49977	0.4167069866038252
49998	0.8566681398756069
50010	0.31554528675830296
50039	0.8598627599226453
50044	0.8744862756781495
50090	0.8225800632156159
50132	0.5030061867827087
50157	0.8094500885683723
50233	0.3755954521975432
50259	0.315820598731028
50264	0.3155559773583628
50298	0.31554617092603754
50317	0.8632434927569529
50322	0.8578495136993705
50401	0.901771702558848
50520	0.896253164183987
50569	0.9152518565968876
50655	0.8892023020498264
50676	0.8953114507196293
50722	0.8595207159630214
50752	0.8906095747148971
50763	0.39992959491307706
50786	0.8423840989917306
50795	0.8874770219442915
50803	0.8710704340345005
50809	0.8943641862839905
50812	0.913341411450054
50815	0.8117363270052166
50820	0.8818070581279972
50845	0.8834418455193533
50889	0.7880681867596122
50927	0.8917693712074206
50954	0.9102464581165763
50978	0.8615695725370636
51024	0.8478789561982066
51032	0.31554586668717777
51052	0.4033450741748494
51054	0.8085819856428907
51063	0.9181547293067812
51074	0.8326485014867999
51080	0.8698090056681755
51110	0.8756549822163292
51224	0.9136454871731863
51281	0.8780380198461767
51341	0.930177055497533
51379	0.8010075143810517
51395	0.863984200131668
51396	0.8704990358386768
51398	0.40665434330895633
51449	0.8212423905940048
51472	0.40374035865676505
51496	0.8796753429744828
51499	0.9151334585621775
51513	0.8611133648377074
51516	0.892026153983167
51572	0.8837921338497852
51639	0.8450118216673754
51739	0.8614888974991527
51742	0.8419251508628036
51747	0.8545832037854242
51769	0.790961985971952
51781	0.8599045821998028
51802	0.8539137608316797
51803	0.31557854275951275
51825	0.3155458607765895
51840	0.3155490903782797
51870	0.31561181822661566
51879	0.3500612924720436
51908	0.3155462872654291
51930	0.37229698577307
51958	0.3474347650182385
51961	0.31554585758482334
51972	0.3927640953505259
51977	0.314603067171025
52057	0.31655961690473167
52140	0.31554582640446943
52141	0.8254629201804173
52147	0.8154542470661119
52194	0.8818666966910863
52235	0.3779844928361929
52265	0.3639829256322746
52267	0.31554611691582424
52269	0.5475452374765214
52283	0.31554592092294903
52286	0.762030516579238
52314	0.8634461719966127
52331	0.8941064065930675
52350	0.8739323460112666
52360	0.9394894538648284
52361	0.8960923836346953
52368	0.8654669586704362
52388	0.8491666292595754
52404	0.9304662627417922
52415	0.9108028974745302
52427	0.8494415717562627
52440	0.8740385315021839
52449	0.861904186118415
52453	0.9000905751684612
52457	0.437821520821029
52468	0.8194273537043756
52472	0.8852783188877761
52481	0.9096620110347851
52515	0.922541092726228
52532	0.3155458591855571
52566	0.8648144522441827
52596	0.8114426949180247
52609	0.8881859982228876
52622	0.8677485499369765
52630	0.8923359969488424
52638	0.8761421762558566
52643	0.9053105479727596
52649	0.8729731046234684
52673	0.8996947736859114
52687	0.8945014340480689
52703	0.8950154048908052
52705	0.9001227696915649
52709	0.7780889430317564
52724	0.8432786757985291
52726	0.7333620044290646
52728	0.9088839279327653
52732	0.9239309164640707
52778	0.9053661114581002
52791	0.8630517723227251
52847	0.3652108243179935
52963	0.9050412795583341
53008	0.8626103933700886
53023	0.9053621188084401
53068	0.8655693286256113
53072	0.3155484674163448
53101	0.8805675587086416
53152	0.904706686730739
53158	0.330560315596577
53195	0.8063918855700595
53247	0.9369102507740223
53250	0.8855650549264855
53302	0.8760535722741563
53338	0.9046752796013108
53349	0.9305589557349013
53380	0.8893367991590407
53382	0.9337823357342422
53385	0.8851634337749356
53393	0.3155458651761821
53396	0.3155458593868615
53400	0.3499674145648502
53430	0.3806076750740971
53534	0.3155459968729167
53542	0.3993224259778106
53550	0.40067941163693194
53559	0.40412996022327885
53613	0.31554586836067217
53652	0.37827787050372624
53669	0.31527283220210955
53698	0.4152882241480961
53719	0.3155463695455713
53741	0.31554607640270715
53750	0.8120697567808706
53760	0.3657914079729982
53770	0.3212031391996052
53773	0.7611451924430368
53784	0.3155461406066843
53823	0.31539405655788494
53876	0.3371082761464898
53877	0.3928724139865684
53878	0.3472538757139453
53880	0.7891318131184079
53881	0.8393567416193871
53983	0.35937180401803953
54005	0.31545085881715096
54009	0.3798499801497143
54012	0.3155458576406065
