1	0.3155458620862808
4	0.8994372980980284
15	0.8806525286099016
51	0.3924287775190673
57	0.8802277804882583
64	0.8774894753169797
68	0.3155459212018648
74	0.9064773735589972
79	0.7914855319385559
80	0.8676794506782325
85	0.904938953642741
86	0.8823938045644392
90	0.8423598647795223
96	0.8946021391988707
103	0.8941072249488149
166	0.8953122255742234
203	0.9072085849709817
259	0.8920437062401866
275	0.3891922705470541
280	0.31554579942240363
358	0.39246734534920596
443	0.3480116398700646
598	0.8500475580039202
680	0.8411462381368408
731	0.3254276408274426
819	0.40302742295101146
825	0.860339043675952
894	0.8780140591241874
1034	0.8743834188549414
1074	0.8562344051422999
1095	0.8552329238434727
1096	0.7640874118273709
1129	0.9088124771572774
1245	0.9100723903708613
1247	0.8210934267779721
1250	0.8972792667548783
1269	0.8995126856090601
1292	0.3155458350799615
1490	0.8994183622200781
1491	0.8953243076630633
1521	0.9085851755444425
1553	0.9394746617167036
1598	0.8948402935660984
1646	0.903402398047773
1658	0.8819876411779616
1679	0.3156826161112975
1707	0.863349053415987
1783	0.8806809715344512
1816	0.8974481520449097
1819	0.8704564574064061
1825	0.8753470863686849
1836	0.9044393786937556
1860	0.8862512691610611
1875	0.9080013496613537
1936	0.88766243357378
1937	0.8962445919222648
1944	0.4227538589365113
1946	0.9078125612063225
1964	0.8570179831341349
1971	0.8893309032829855
1998	0.8805279696782543
2043	0.8928985208269031
2120	0.8497933509301103
2146	0.7711773486349207
2156	0.4078869968822367
2463	0.9153744426386903
2516	0.8995142764231517
2533	0.8997118691856707
2639	0.8879265256662427
2776	0.9114208063003304
2778	0.8952868341382
2815	0.8540158203245359
2817	0.8713108114256307
2819	0.8795713937207978
2888	0.7915412358567567
2916	0.7984348376371324
3137	0.8693575438558909
3147	0.8841518839818335
3211	0.41566701166401976
3305	0.8959576205902404
3404	0.8464951349525658
3451	0.8450448940571434
3468	0.894674540446427
3469	0.8689896624812573
3472	0.9280321786160202
3483	0.3155458651737567
3503	0.8890640278346078
3776	0.3738874310000086
3842	0.7669100201191001
3929	0.8445148509424923
3930	0.8872341541800373
3969	0.734908198078566
4015	0.7816441860254946
4062	0.7753710253614405
4115	0.3155462606156369
4130	0.8874034568080468
4220	0.38294747788593236
4390	0.8743483795077451
4404	0.8836542452440607
4468	0.8904094063377541
4480	0.6790551901614733
4568	0.8694323847575641
4605	0.37051331524023884
4653	0.8812998077696267
4665	0.902722883247914
4716	0.8116563468361425
4736	0.8948877744129521
4789	0.8962379346183764
4802	0.8605030159647292
4806	0.7902260658487252
4810	0.8751454064574291
4852	0.3155457351165616
4895	0.9057504615166699
4958	0.8199635455285587
4961	0.8877197648416087
5258	0.8857145183266836
5293	0.9096210996236613
5366	0.9051584971610147
5394	0.7785482213193038
5397	0.880920026156788
5403	0.8962037137360688
5432	0.774337787514827
5468	0.8712788889884656
5478	0.8555994574051052
5613	0.8605675435326179
5693	0.8563543154290277
5839	0.7946113633201383
5874	0.9033562318083955
5877	0.8768149469920559
5971	0.3147286889438275
6022	0.9192031072573892
6067	0.9158075303651003
6151	0.7905729085099349
6155	0.885398515812568
6231	0.9321042357752932
6235	0.8680449979331877
6239	0.31565367831262037
6241	0.7642048192528257
6243	0.8498012747661037
6251	0.8816457776743932
6263	0.8167487786411812
6276	0.7612026543040641
6281	0.8796344283812941
6301	0.8956207650842011
6346	0.9051020384992567
6366	0.7204621524745305
6451	0.8404655102499825
6647	0.9421404915749586
6698	0.904068302281155
6822	0.8874213521629514
6907	0.3153526893547918
7427	0.8944084413709154
7629	0.8797442160616689
7691	0.8811547983990743
8053	0.8497933480948716
8155	0.8888714534355815
8157	0.8938730438793461
8206	0.8903408170582439
8582	0.8537260900720403
8791	0.3768102116140438
8887	0.920856581316698
9063	0.9183468524274222
9067	0.8991730783009642
9074	0.9180905146774976
9164	0.9098758054351876
9242	0.9039582474334601
9424	0.8604131281921034
9447	0.8937965345983273
9503	0.8959711496041817
9715	0.9080778756385107
9767	0.8781077617340531
9783	0.892633905042254
9934	0.7798264238841615
9967	0.760924219932731
9977	0.8072995591708474
10162	0.34144675924626394
10163	0.3155458732235074
10189	0.8526477091168796
10194	0.8524100729387094
10212	0.7623786711072735
10214	0.8775373675669699
10227	0.7889841180633804
10272	0.8467988951613663
10354	0.7758996443541706
10406	0.7748871419716657
10453	0.3585898252198952
10504	0.3155458768688148
10531	0.7949042766002467
10845	0.36644229135462764
10847	0.3159325497036811
10998	0.877498548785429
11036	0.3650763272306074
11037	0.7614968888710745
11088	0.89199898794941
11105	0.8341708517675015
11175	0.8868248107588336
11463	0.8334149773770615
11732	0.7251945629783662
11775	0.36583508167583556
11796	0.38777930164896146
12053	0.8951072491481799
12464	0.8515295082303328
12503	0.8660727458450188
12528	0.8921019064712045
12534	0.8159423568296578
12552	0.9035849414679036
12555	0.8675602660162587
12565	0.3549155348586354
12840	0.8090272792651978
12919	0.4034956451979431
12930	0.8136622390943551
13510	0.3190409249838377
13606	0.3155458547423082
13990	0.35316096738326774
14032	0.8627635205928457
14143	0.8473345315915579
14164	0.8363451891382065
14209	0.38616796977345835
14232	0.8317880280830011
14238	0.3406487850162777
14349	0.3162107827681879
14407	0.8828812599189071
14436	0.8677090444673182
14618	0.8983714340516387
14676	0.811694661357435
14847	0.9106792441095176
14975	0.9334316501962722
15001	0.8535934563649049
15141	0.9007849336722001
15144	0.3565690884089291
15257	0.8734103682884083
15369	0.9115792017150434
15402	0.7684985840521216
15405	0.8101826786559904
15426	0.7898827300945068
15471	0.826456818136306
15573	0.33932615045430725
15655	0.3836922974705695
15681	0.8440905899241419
15689	0.8501538742869149
15728	0.8491606627935855
15736	0.7204539323136083
15759	0.85534383319682
15765	0.3156133627431205
15767	0.37709543649214494
15782	0.8176544659665945
15785	0.37970009950855227
15787	0.9097513896285441
15791	0.8246652122155196
15809	0.8749285386748273
15823	0.4694501502522124
15824	0.8873634676863754
15828	0.8774288291210735
15851	0.8573369150468703
15852	0.8105786776593884
15868	0.8980515498453939
15875	0.8922285755968501
15892	0.8444561795718636
15900	0.8923739245727776
15923	0.9300070871776979
15931	0.9097071868104283
15939	0.8384136186094874
15941	0.9008160904274605
15942	0.8848931548172682
15978	0.31554594343266157
16015	0.6541710274670498
16079	0.8896265295352294
16080	0.8959022637450803
16081	0.7835078503700176
16092	0.7901876032037741
16111	0.6773603093560959
16219	0.848555985640574
16221	0.7909851308557116
16238	0.9214927210985183
16242	0.8944747727038478
16243	0.897578314126909
16321	0.41918100854289997
16347	0.39501089052077204
16380	0.8795274785278653
16386	0.8795086481091675
16397	0.8965208433559504
16433	0.8685203708641172
16473	0.8855107586377968
16523	0.8651788094869591
16560	0.3155458607305078
16562	0.3155458710625168
16568	0.31554587235765597
16629	0.775142958995612
16651	0.4169761833514587
16673	0.3155459429063598
16726	0.3240060039874035
16809	0.8059881309920431
16812	0.764828815213265
16820	0.3185789032471538
16834	0.7801293394876055
16872	0.3436535655106952
16890	0.3155464750654577
16904	0.3152727693320773
16935	0.31554604942306674
17028	0.8887831832238541
17067	0.8311212602149334
17144	0.8197972001325343
17199	0.8228280941927937
17204	0.891808708794059
17298	0.9305058901849397
17306	0.8322758033877735
17331	0.9020496756738886
17332	0.7714479671227774
17334	0.7595898351916469
17385	0.8816670053204863
17387	0.8959022633570236
17400	0.31525337362151745
17424	0.415993852664169
17451	0.4027662375970841
17468	0.3729795399395351
17470	0.3738598197633787
17475	0.3664561982678619
17478	0.8567355952438068
17487	0.9047096948272527
17490	0.8957311448420501
17557	0.8636713932667088
17595	0.3155458908485566
17740	0.8846829851718186
17881	0.8101215860518104
18196	0.8412481156044369
18286	0.9083882522645783
18381	0.8414718042616668
18426	0.7986301808617765
18492	0.3294299229563738
18507	0.8928279553905958
18618	0.9116805307833695
18628	0.8775161036278762
18635	0.3155458877513792
18678	0.887857797098639
18700	0.7944101394312606
18729	0.3418801368097804
18738	0.8941404607419734
18741	0.7786798960049972
18758	0.8404279941965331
18907	0.3155576221365862
18911	0.3166547574610376
18926	0.8670485978848631
18944	0.8534820674874971
18948	0.8453830716698543
18999	0.7713427000043654
19015	0.891673012895309
19120	0.9239715960040543
19141	0.9238842522824927
19186	0.934133349723383
19196	0.8878237671547683
19330	0.8872697197636165
19452	0.7986972260370924
19460	0.864430373480886
19646	0.9060534036001318
19768	0.3155645863860297
19835	0.34823010794504233
20129	0.38292125850188546
20345	0.3829440000080059
20412	0.8524434442412591
20541	0.9062235554174171
20576	0.884159826005558
20585	0.8091683602118959
20597	0.8421744568486992
20625	0.8962327511464694
20668	0.7292934403619652
20673	0.7895668123707753
20695	0.8970039923193606
20758	0.8291170471410193
20768	0.8793392030425297
20778	0.9004829500984306
20841	0.8866161169899389
20871	0.9087576332575591
20962	0.9118242394194719
20977	0.9144733759405044
20987	0.875570187956797
21014	0.89522170328285
21019	0.9154110260245967
21023	0.9126232004897133
21101	0.37383630084149005
21156	0.8897015158102097
21186	0.8233827861776147
21243	0.8198945504193761
21442	0.8496352362671271
21817	0.8035020905350883
21862	0.3162044161963616
21893	0.8668074412371207
21941	0.31554581747188976
22092	0.9029187956086064
22136	0.809410312851194
22157	0.860035738657633
22175	0.8953368096316523
22306	0.7609195017092495
22329	0.8657608250516973
22357	0.8651502427335239
22380	0.9040819797922597
22446	0.9043561227976047
22487	0.8497454358454104
22543	0.8859439594148182
22552	0.6183239392532743
22669	0.8802141342351192
22675	0.3415667486965538
22711	0.8938464002862925
22721	0.8702313297113264
22856	0.8275076916211922
22916	0.899012989707659
23005	0.8785986353415391
23081	0.8923982368159074
23084	0.905268879106533
23230	0.7760325579568855
23287	0.8699851396556194
23336	0.8630437648944731
23369	0.8931160533869719
23428	0.8841857469934234
23471	0.883833934201741
23475	0.8006893488584241
23489	0.7913033149735299
23567	0.7788039932268108
23586	0.8899330832549032
23678	0.8633182361569608
23744	0.8920562856721644
23758	0.8503531921796427
23769	0.8820697235955733
23806	0.9080010601734982
23862	0.821106179147408
23936	0.9049149785844829
23940	0.8936229044034926
23985	0.9610890622261442
24028	0.9595522932921675
24029	0.8960360307159564
24082	0.9043779027865934
24115	0.8957597117773868
24145	0.9158075296568969
24146	0.8355632458496735
24206	0.8296755666161536
24210	0.8886798866305665
24231	0.8173041744565234
24234	0.9132182231636924
24273	0.9053416654712366
24283	0.3159905555134532
24589	0.846085441082228
24950	0.7911465260916297
24975	0.9297238079769671
25170	0.31554599675892503
25380	0.8888074342316404
25479	0.9104189459792713
25557	0.8803490639086854
25583	0.31558032815734893
25606	0.8699279827756102
25622	0.8918332662841577
25623	0.8960463073759595
25625	0.7660015545091874
25644	0.8510324299628178
25655	0.8787387946827346
26042	0.8012565200668624
26056	0.8707848434178326
26075	0.3155458316311078
26153	0.899138057529556
26163	0.9053238980028351
26179	0.9005343098894876
26363	0.8739350818205375
26499	0.8681809310776631
26808	0.8641776663722496
26970	0.885441880794491
26978	0.8683958283787968
26982	0.8949892065782359
27190	0.8492903156845913
27202	0.44277154738260355
27261	0.8054225293661458
27395	0.8673384816695573
27396	0.8822600993309551
27424	0.315546147882747
27517	0.7919793449613748
27521	0.31554596986902267
27573	0.8327622227667351
27604	0.3155459011150811
27689	0.8651933053829156
27746	0.7207669100811531
27835	0.31554585457010803
27871	0.8594489763278447
27886	0.34602539592062936
28169	0.9082921626841401
28181	0.8858318056170671
28511	0.8582901104219104
28599	0.8885194840994103
28819	0.8736449138764911
28845	0.8682075272695935
28861	0.8784631681415661
28969	0.8244237672465176
28970	0.8523053382170802
29149	0.8259818829502853
29183	0.8633052832204317
29204	0.8817717123615476
29381	0.866749538111996
29460	0.8953292246321971
29486	0.8959022620352055
29488	0.8900843658623754
29507	0.3159373047828456
29520	0.31709561021124594
29560	0.4299743414055331
29712	0.3157030888755883
29727	0.7570778688645884
29729	0.8431391914115872
29737	0.9004882303953293
29778	0.8153848050563084
29920	0.8213490240284453
29932	0.7894322022885611
29958	0.8785395286368041
29967	0.9142899703093713
30125	0.8965042337055754
30148	0.8946517757927259
30158	0.3162856782476072
30161	0.31554585749993597
30197	0.3293751314952392
30208	0.352501932109587
30215	0.8491356784071876
30219	0.3597096600772867
30260	0.31554599166083047
30282	0.7926695013909666
30287	0.8632629176736284
30298	0.9550770983685402
30323	0.849212074673975
30334	0.7612658744168462
30335	0.9045083782752914
30340	0.8781336428733486
30374	0.31554986086966164
30377	0.3286138319439179
30380	0.36041199694868303
30594	0.3150952387383559
30723	0.8678879737725246
30768	0.8530783106199464
30887	0.9092601151827647
30912	0.8946820974451678
30974	0.3155464017809544
31210	0.3147761165177757
31307	0.31554598992670213
31411	0.3155456460260247
31465	0.9247469253079507
31494	0.8853132820182157
31496	0.9431236332206652
31498	0.8841111040273343
31513	0.8931771901641284
31543	0.8859979628613865
31558	0.874320018940949
31559	0.8118836581649463
31561	0.31554598766142133
31580	0.7806324407755205
31581	0.3564185785629704
31587	0.9089757076635906
31594	0.8696821527807159
31595	0.9108920499403875
31598	0.8958453653908545
31651	0.39535008880985467
31813	0.8097309810265142
31882	0.3580004804917671
31925	0.9285859502953288
32001	0.31554585971670973
32144	0.3155460096618095
32197	0.8731701561730421
32202	0.8842919510091963
32244	0.34845979699169194
32317	0.4280066641078219
32324	0.31554772262886704
32392	0.3155458434377322
32436	0.8098643972790421
32447	0.8020530230502951
32524	0.880418828262618
32665	0.31554586532655404
32709	0.41274137691738233
32772	0.40843822480394903
33068	0.3200431391471013
33183	0.31555145606394314
33257	0.40177422991134826
33289	0.9240798936559319
33402	0.35830695963664916
33474	0.8760242403408649
33485	0.8903303036860934
33502	0.3340837661836665
33623	0.3155605067195107
33690	0.3770677062385323
33712	0.8892556035527994
33718	0.9101541301659575
33762	0.8921279849251932
33807	0.8996840682329822
33873	0.8991155372302932
33899	0.8594115325014442
33902	0.3979174440185773
33904	0.8919458140055172
33907	0.8472822965362419
33919	0.9085305824263514
33930	0.8803651233189466
34081	0.7859594878927254
34092	0.8730608406873074
34117	0.7588613787492317
34150	0.7581963943120379
34250	0.8547900159208521
34331	0.8612950833245295
34385	0.8775382509610165
34387	0.8736514319844496
34404	0.3155458254949616
34421	0.3153698195928996
34480	0.8513868570292711
34509	0.9042682112618126
34550	0.8495915186435502
34625	0.3763104493525259
34706	0.7894153048213999
34755	0.9258290475854397
34870	0.9266771096415846
34909	0.8599333456470407
34942	0.8985648276164809
34947	0.8784093896441769
34977	0.8816251426539048
34982	0.8905690048251783
35075	0.9004669283539207
35205	0.8272940412722786
35224	0.31528013244800107
35231	0.8452898705868624
35400	0.8832822363919004
35434	0.8171192378253844
35437	0.8267459345656015
35461	0.8157842795219802
35499	0.8914352635331331
35561	0.8887166685341419
35613	0.8930020206624495
35663	0.8940916275491316
35845	0.9474773875027032
35856	0.9013404070843253
35862	0.8865572222053802
35863	0.8908915662926427
35871	0.7684716546868555
35982	0.8994727924489538
36062	0.9034515778455623
36076	0.9067684309895802
36087	0.8681027044785017
36122	0.9540776994206447
36176	0.8955166061343895
36257	0.8948886606446631
36334	0.8278351232605807
36355	0.9260876174300914
36425	0.859539945944276
36485	0.8922190798742295
36567	0.9011117122655598
36570	0.8955784866828006
36642	0.9288143995008968
36662	0.8660104159148496
36732	0.8485416161540799
36733	0.8903257556181885
36810	0.8491912020415326
36844	0.8539777627525466
36866	0.9239692561847935
36888	0.8905075591888623
36894	0.9117903665318395
36911	0.8718677082490481
36916	0.8886104435463311
36918	0.9033012930360959
36928	0.9024908009538756
36956	0.8996664530428712
37294	0.3162372384472212
37351	0.8642276537426614
37424	0.7807811326972176
37487	0.8276442933218366
37601	0.7193269177431544
37780	0.8326399137270641
37917	0.3491686301137545
38039	0.3385925501921011
38127	0.7981137978975446
38143	0.8118036180677947
38162	0.8324352135803967
38235	0.3155546346628593
38276	0.856960543964722
38282	0.9051097548825761
38284	0.8926353101251443
38289	0.8948742756771332
38293	0.8898979783309794
38296	0.8624922091303536
38302	0.8564930909916443
38303	0.8676280405198443
38304	0.8914666564499855
38306	0.8713941655777321
38314	0.8966877741112175
38322	0.8101136706851542
38324	0.7905744429175634
38328	0.8322925731503331
38343	0.8384150637107224
38369	0.31554589732667776
38413	0.31554625345599113
38435	0.8602220524509846
38448	0.8821992269659163
38465	0.8427856749079987
38470	0.3645455481276636
38492	0.7581976015781867
38498	0.8859268858475374
38521	0.3319858204206434
38524	0.7609187055940002
38529	0.9446571029816657
38556	0.8428583712459788
38563	0.8857704325036931
38586	0.8207646820518048
38601	0.8498524856816421
38660	0.8728932784013287
38674	0.8601205256241251
38713	0.8893725052918976
38715	0.9158075296399193
38740	0.8809184693582893
38784	0.7817062521426082
38793	0.8751365581588662
38834	0.860855678850345
38855	0.8457188056435913
38856	0.7717476618824854
38863	0.9187929041402751
38893	0.9199660375077526
38896	0.9010145177422425
38901	0.8966165212737389
38926	0.84623524068988
38959	0.7614948887930089
39111	0.31576763101257993
39146	0.7905090290791578
39158	0.9039835964136576
39186	0.8581621270695691
39281	0.9242139002954621
39288	0.7771104771537056
39297	0.8813808159930003
39386	0.774043097126743
39532	0.8472947745496073
39545	0.8785754418148751
39553	0.7834370964836866
39581	0.6829680812885331
39599	0.31554585886783576
39603	0.3155458593771601
39632	0.3610405017299453
39661	0.8813083164531132
39688	0.7586642456252939
39728	0.8613415567665496
39790	0.8980276070443468
39795	0.9097041880030211
39804	0.9128496229067896
39811	0.8862698061895088
39826	0.8496424103970242
39889	0.8913336816022256
39915	0.8480033988074398
39943	0.9682793165134506
39958	0.898934195122067
39962	0.8262656560089201
40009	0.3155458739195841
40010	0.31556157536453855
40021	0.3155460222372712
40034	0.9095433784513436
40149	0.9073267449984055
40156	0.8749325759146249
40157	0.9100032742947112
40217	0.8987166607623853
40225	0.8810060699175877
40231	0.9139194517330939
40232	0.8898952446729977
40233	0.8819470149787936
40235	0.3794939658101866
40241	0.9087433713985841
40252	0.8798227092606177
40263	0.8915198082649464
40408	0.8820340322792055
40482	0.31627199423412794
40569	0.8578169355870928
40724	0.874142126595943
40850	0.88585878288793
40886	0.9059090449642453
40901	0.8367619762577282
40933	0.9093767117540923
40980	0.9053228036175228
40983	0.898662887523164
41018	0.9348760590824923
41025	0.9024766338195354
41027	0.8914226385190479
41239	0.3625283961527454
41420	0.8086876990507341
41497	0.3155458494307824
41514	0.7609195050707904
41521	0.768335556729859
41703	0.8673949880792639
41759	0.8418233669944779
41791	0.9280141014129062
41898	0.8658589516968529
42130	0.8749072802922204
42143	0.760919489019796
42159	0.36849795072955865
42187	0.8832032157172125
42202	0.8910324689127456
42238	0.3738745308949708
42243	0.9081301983097483
42261	0.8144203741453444
42324	0.9081532371934012
42342	0.876391918982564
42462	0.8018964654331966
42521	0.9141235620845455
42637	0.8720973922800652
42653	0.8874837276533998
42657	0.31561524174507777
42683	0.7715322773834705
42753	0.8806135125136677
42768	0.929868533692641
42772	0.31596986322307513
42783	0.8873646794758097
42785	0.9143139518190717
42793	0.941572225263303
42795	0.8816048493488491
42796	0.9017900168500392
42797	0.9060090600847917
42800	0.9029061174210552
42836	0.8584548888838809
43151	0.8741326965616164
43175	0.9101153820689405
43187	0.8927507077371614
43328	0.9236123781669239
43442	0.827123971376183
43448	0.31555709516289554
43609	0.9061771383697333
43765	0.729810588285346
43769	0.34754242198611807
43805	0.8901526559307852
43807	0.6392806591318326
43827	0.878835663912692
44294	0.41008088983072555
44301	0.829821915829993
44311	0.4380529670028619
44319	0.8804803851717607
44359	0.9452216889686518
44363	0.8585498639121859
44370	0.8005674132456934
44447	0.853284063569228
44549	0.8725524026523743
44753	0.9220881737004895
44853	0.877746769080907
44950	0.8616544346846863
45007	0.37807608085731853
45070	0.8790902622422205
45140	0.7757140975354376
45398	0.838944450706421
45699	0.8214634756310456
45881	0.3155460293896408
45887	0.6747241311680057
45891	0.8497933532536
45961	0.9082168949710553
46016	0.8692518275909802
46058	0.8854283090021517
46499	0.8976843860772935
46634	0.8681920911147355
46649	0.8891673050323375
46918	0.8929614145549162
46936	0.3155458573738175
46952	0.8862644043581098
47144	0.896422405651839
47151	0.3523659724317365
47155	0.8954482315714892
47344	0.7758746571495113
47620	0.8555831557262102
47658	0.3155458529135911
47975	0.879285725318169
48024	0.8406905687812357
48169	0.8166321797487895
48310	0.7679578940350179
48450	0.758341742861103
48507	0.3155601326401506
48590	0.7615526065095043
48741	0.8291640140844164
48745	0.8863916744137726
48797	0.8902520403015844
48804	0.8952528898772435
48806	0.8960437626118412
48835	0.9028507891950751
48996	0.8478358852152978
49002	0.31558000853689266
49053	0.31554603971922446
49147	0.8772837841705746
49189	0.8524668310541031
49212	0.9161804711668988
49223	0.7965160701322259
49225	0.918566752416984
49491	0.3156187609680178
49534	0.31554586619725616
49557	0.3155458605292034
49624	0.3599636672315727
49655	0.8367515460218701
49878	0.3162195340695591
49889	0.4457307018586188
49916	0.4039269875982196
49950	0.31554586830973974
49996	0.9028984172585052
50062	0.7616912249625247
50095	0.3152934553238104
50146	0.8737714052091196
50162	0.31570967035805286
50260	0.350888976054394
50322	0.8578495136993705
50342	0.3773767683662645
50382	0.9131341390478783
50415	0.8710429418391069
50621	0.8925527489911148
50655	0.8892023020498264
50693	0.8595355301188102
50786	0.8423840989917306
50790	0.9081581432872466
50820	0.8818070581279972
50965	0.8538967148334001
50978	0.8615695725370636
51050	0.8310425568735927
51060	0.8598514571534768
51063	0.9181547293067812
51110	0.8756549822163292
51336	0.31535222676697994
51476	0.31522486203761485
51513	0.8611133648377074
51739	0.8614888974991527
51781	0.8599045821998028
51788	0.8773055780131866
51818	0.32458813629414207
51840	0.3155490903782797
51884	0.3155615787382063
51963	0.31554586055830763
52071	0.3155461943719368
52140	0.31554582640446943
52178	0.8034263220615412
52191	0.9181756609286891
52238	0.42922931499153805
52265	0.3639829256322746
52279	0.31528866136379236
52314	0.8634461719966127
52388	0.8491666292595754
52412	0.37500218332631063
52443	0.8917519463857884
52452	0.8987727364752627
52453	0.9000905751684612
52472	0.8852783188877761
52525	0.8594544581086204
52532	0.3155458591855571
52533	0.8827013010241521
52568	0.8043086344607718
52630	0.8923359969488424
52649	0.8729731046234684
52654	0.9115698839455131
52676	0.9094316959969331
52677	0.9050686693213172
52699	0.8702975630065904
52709	0.7780889430317564
52727	0.8837044908225344
52729	0.9105024255634172
52732	0.9239309164640707
52924	0.7618270743401157
52966	0.8517306312584295
52997	0.879114136995104
53008	0.8626103933700886
53059	0.8978094378166663
53222	0.8312459019651517
53324	0.9248222895671114
53338	0.9046752796013108
53382	0.9337823357342422
53393	0.3155458651761821
53413	0.3155458381116542
53484	0.3762432354841222
53534	0.3155459968729167
53613	0.31554586836067217
53648	0.33793376722317015
53772	0.3155767866429782
53877	0.3928724139865684
53969	0.3452486770027518
