0	0.9020406869497414
4	0.8994372980980284
10	0.9393324643576263
26	0.383824864948557
34	0.9070365256247225
51	0.3924287775190673
53	0.8691638408134238
54	0.8802375325659704
64	0.8774894753169797
68	0.3155459212018648
79	0.7914855319385559
80	0.8676794506782325
84	0.892333648839721
90	0.8423598647795223
91	0.736068605629386
96	0.8946021391988707
103	0.8941072249488149
109	0.8827088007336009
116	0.8955915024699589
148	0.9103732842572294
153	0.8703233059977094
166	0.8953122255742234
168	0.800569031529347
198	0.8504217026496929
201	0.8560221980659044
203	0.9072085849709817
205	0.8876330303544773
243	0.8881836901563644
259	0.8920437062401866
266	0.9102901187637319
277	0.33541190803871385
286	0.31554586050737526
369	0.3155458648366325
370	0.31554592118973807
413	0.39011749294145587
506	0.8784600364320232
512	0.8785909421955388
529	0.3155458126527109
555	0.39824564296000686
587	0.829538603440715
619	0.31554607323519457
648	0.3155459908944185
680	0.8411462381368408
692	0.3398293867301624
731	0.3254276408274426
745	0.31587827314767447
783	0.37689010716493426
785	0.3759205202152447
799	0.34955841606782345
833	0.3155488964930374
851	0.8171646473712203
875	0.3155460573127441
877	0.7916244502065899
887	0.8500845444521697
894	0.8780140591241874
895	0.813969174096691
896	0.8022659627558677
899	0.8891681376661454
902	0.3159260388160021
920	0.8837861082924647
942	0.8526734001884402
953	0.8475147482723632
958	0.876838742331566
976	0.8441127982403887
1056	0.8751810496014111
1074	0.8562344051422999
1076	0.8804184728099783
1102	0.44376797490534103
1115	0.46545073536249765
1119	0.8674643493999574
1120	0.8553734947187737
1128	0.7766772063009244
1129	0.9088124771572774
1131	0.7889117567347291
1140	0.8270934811397939
1164	0.8748874899862289
1170	0.8305049437045191
1181	0.8676769552700727
1190	0.7901877392976758
1204	0.9216895140786522
1211	0.8115646214890352
1214	0.784859197002947
1217	0.3155458595978674
1245	0.9100723903708613
1247	0.8210934267779721
1250	0.8972792667548783
1256	0.9082914118454036
1272	0.9453738586591343
1291	0.9118584775411974
1315	0.9404139240283401
1383	0.9035255798293348
1384	0.8616016258317907
1404	0.8643056735391439
1405	0.8831366956262364
1419	0.9251557518012812
1422	0.8918637862117332
1424	0.8846155859578448
1443	0.8565791303771048
1490	0.8994183622200781
1491	0.8953243076630633
1493	0.8990715596693768
1494	0.8702360982754607
1501	0.9124522219128279
1516	0.887494714466822
1538	0.8902044598987902
1548	0.9134144893205077
1585	0.9313186843794382
1601	0.8640126610499207
1612	0.8878671028068825
1616	0.8863587689150544
1621	0.8535732114335394
1632	0.8881552456480584
1634	0.8629837031701303
1646	0.903402398047773
1651	0.8307831187957839
1654	0.8705382501906416
1699	0.8624553000703069
1707	0.863349053415987
1713	0.8216588532981451
1739	0.8638856121332057
1777	0.9012517980239331
1783	0.8806809715344512
1806	0.8888240780649577
1817	0.8595176633006234
1819	0.8704564574064061
1821	0.9082225905880373
1822	0.8978266997854638
1824	0.8937906491609968
1850	0.8682945836182088
1854	0.8325289153462393
1871	0.8360303766653743
1877	0.861304114164953
1878	0.9064983376030407
1885	0.8561280255066276
1886	0.835742218607526
1887	0.8707757889326306
1900	0.8106881168381885
1936	0.88766243357378
1937	0.8962445919222648
1943	0.8774303915366928
1944	0.4227538589365113
1947	0.9161646412097
1949	0.914814826896169
1958	0.8985385737220687
1964	0.8570179831341349
1971	0.8893309032829855
1972	0.9020702930038436
1982	0.871268174733926
1984	0.38350758275691704
1985	0.8577193414721144
1988	0.31555505357004165
1995	0.9305059011863464
1997	0.8729644432154265
1998	0.8805279696782543
2008	0.9150744463613698
2020	0.9395745293369072
2023	0.8731470500755474
2062	0.8623777422795513
2086	0.8347920680440121
2097	0.8221787749075539
2147	0.8665447778504988
2156	0.4078869968822367
2190	0.9048792389574841
2281	0.334383994557685
2342	0.8480441961226246
2345	0.7195607934750783
2382	0.8402384366228708
2461	0.3155459345388877
2463	0.9153744426386903
2464	0.8671518619614265
2504	0.8728197158432354
2516	0.8995142764231517
2535	0.40299423028792725
2544	0.8836226373583617
2577	0.869825654912458
2603	0.8960754959635399
2645	0.8768622008281792
2659	0.7862611736451223
2724	0.6946463291058557
2726	0.7891922721715564
2730	0.8852608487823549
2749	0.8777751707259278
2757	0.8850738432852538
2776	0.9114208063003304
2785	0.7840422721561328
2794	0.8760826017876036
2800	0.8737131740815144
2815	0.8540158203245359
2817	0.8713108114256307
2818	0.8718566069249511
2819	0.8795713937207978
2842	0.8448827831040434
2849	0.8508695731817632
2852	0.838943303855846
2857	0.3154858558297892
2858	0.8721151554337617
2884	0.36484560170882835
2894	0.4153459388086452
2955	0.7898975421814687
3042	0.35894200827828115
3115	0.33928415652027877
3122	0.35641023074837935
3137	0.8693575438558909
3145	0.8977699596007138
3147	0.8841518839818335
3165	0.31554586180736505
3194	0.8684571196388908
3211	0.41566701166401976
3226	0.8946245918428771
3231	0.871140141305296
3237	0.402177933236779
3262	0.3891470622886417
3299	0.8971201702139147
3363	0.8744320635419766
3380	0.8930574184015075
3382	0.8620682091407519
3394	0.8868403672185375
3407	0.8955976054809668
3442	0.8608599369792787
3451	0.8450448940571434
3459	0.8680689308363642
3468	0.894674540446427
3472	0.9280321786160202
3473	0.8415377711099405
3516	0.8482743920416289
3522	0.8467685573706174
3577	0.8413553546619547
3607	0.7669343128357032
3609	0.7617093560545841
3627	0.3245881574577831
3737	0.3893210971271506
3803	0.31618437878558003
3901	0.8101163141684656
3911	0.34493753656957865
3918	0.31554608762482117
3925	0.9011759150591145
3929	0.8445148509424923
3930	0.8872341541800373
3938	0.9152806684105395
3969	0.734908198078566
4009	0.31554594452649637
4010	0.9148148231586981
4023	0.37075394955156765
4060	0.8204657498428688
4061	0.8052142766745964
4075	0.7911600797908263
4111	0.7994741548645277
4113	0.8493012398971959
4115	0.3155462606156369
4130	0.8874034568080468
4131	0.8819084835071398
4132	0.802289544050591
4158	0.9019091597037567
4161	0.8818411517543938
4162	0.8797332203957033
4233	0.3155459257954857
4248	0.9031714749323853
4256	0.9325354941637246
4338	0.8942388865788267
4354	0.8575484931343257
4361	0.8705648454633627
4375	0.8711836659264596
4395	0.8618928434570202
4397	0.9032885964061509
4415	0.8563043232442877
4431	0.7608549796178105
4440	0.8474185473123831
4458	0.8860790592488117
4466	0.8846724991285598
4490	0.39423015006969087
4493	0.3155458487031762
4496	0.31554586736142626
4554	0.3855535974051651
4568	0.8694323847575641
4572	0.8219847150178684
4606	0.36429894443749433
4644	0.3155638710472029
4653	0.8812998077696267
4654	0.9262803150856195
4665	0.902722883247914
4669	0.8584230430660814
4676	0.7711673008192159
4679	0.8525061390611213
4736	0.8948877744129521
4746	0.871713563903063
4758	0.8666110936296344
4764	0.4040835462388175
4778	0.8733640691638725
4782	0.8697599723545055
4789	0.8962379346183764
4810	0.8751454064574291
4817	0.791065005524302
4839	0.3155864797894329
4846	0.31315301872746065
4848	0.3155459161183223
4866	0.7985436614647594
4881	0.8954196095296789
4886	0.7900852326495365
4895	0.9057504615166699
4923	0.8859715462911902
4927	0.8876989228341143
4933	0.9018455583083126
4936	0.8959022619988253
4952	0.8891374403360349
4953	0.8473881894178729
4958	0.8199635455285587
4959	0.785958730721389
4960	0.8959022630417276
4974	0.8684685399455759
4985	0.7905090384531519
4988	0.8880400288340723
5071	0.8783117379270355
5080	0.8633795280258186
5098	0.8993188573940613
5132	0.927304065387907
5142	0.8988360584213927
5242	0.8643701136681621
5244	0.8612258507440635
5250	0.8860227333703472
5264	0.8602087340232747
5271	0.89702270854268
5276	0.31724210315400236
5293	0.9096210996236613
5294	0.8795104223819038
5363	0.8880462988525468
5372	0.9130044441594384
5385	0.8883046086507181
5394	0.7785482213193038
5396	0.8962038949051787
5418	0.9145722165177813
5420	0.876132889348959
5432	0.774337787514827
5448	0.7900857325029161
5461	0.8543087380090878
5462	0.7889329233249547
5468	0.8712788889884656
5470	0.8707074333772312
5471	0.3827481789497732
5488	0.3155459861504257
5527	0.8476555347907591
5650	0.8051672290663432
5653	0.7743339105666905
5685	0.8513695654177943
5694	0.837016161011003
5696	0.8192483237130139
5705	0.8706313245294719
5730	0.8744611554476615
5777	0.8143183823780795
5798	0.31552251744307097
5850	0.31586387754739137
5877	0.8768149469920559
5895	0.875080892929916
5914	0.8848111842206129
5958	0.8292104936092253
5970	0.8934990896287308
5979	0.8675299739288848
5980	0.881232781388381
5982	0.9008510007167075
6080	0.8745949067531744
6095	0.8526831943969803
6109	0.8566517207562092
6113	0.8989342621661339
6151	0.7905729085099349
6155	0.885398515812568
6156	0.915760339959266
6189	0.8762593365449914
6192	0.9210060261168544
6198	0.9175424931468357
6210	0.8946826106088914
6223	0.35034861526214917
6231	0.9321042357752932
6232	0.8988769980466622
6234	0.9028283918467196
6235	0.8680449979331877
6238	0.35277435679996844
6243	0.8498012747661037
6251	0.8816457776743932
6252	0.853604618456252
6253	0.9001716679372578
6255	0.8839630554599506
6256	0.894884542587212
6261	0.7485910291831481
6262	0.8047509796357271
6263	0.8167487786411812
6272	0.3155458453804409
6276	0.7612026543040641
6281	0.8796344283812941
6303	0.8825948930433648
6332	0.8430230415177477
6394	0.8738383903666196
6416	0.8855440161330248
6418	0.8465575997106016
6440	0.8460524300781757
6456	0.8982690643584019
6558	0.8935510686782069
6582	0.7725514186881043
6593	0.34335620594024646
6627	0.8347237580561678
6642	0.31554582897291955
6646	0.8443102044446603
6662	0.8995804431472929
6667	0.874120362483323
6690	0.8938296811117713
6713	0.8670304176527013
6725	0.8959994442741035
6747	0.8981391809107978
6795	0.902493564812368
6815	0.9120458682088038
6816	0.7618575041294011
6822	0.8874213521629514
6829	0.8735506554724504
6833	0.8750603008260703
6844	0.9067192776936365
6861	0.8959025782213601
6872	0.8908675637842253
6885	0.38771953089921607
6899	0.8354945003676493
6907	0.3153526893547918
6955	0.7882087258846009
7086	0.31554585613931224
7112	0.8671610866191823
7140	0.9114569464357744
7189	0.889580162141823
7190	0.8910836744852285
7198	0.7739962741159925
7212	0.8703925502392781
7286	0.8712433714875341
7342	0.876848459362909
7371	0.7986433545467714
7392	0.9157280006182614
7427	0.8944084413709154
7431	0.8946280220989732
7462	0.8889745790583736
7485	0.9237513662172496
7490	0.8974779953204838
7518	0.9144848389504013
7520	0.4045515142964993
7579	0.7970704576768828
7687	0.8597902969886293
7748	0.919054224380278
7839	0.350011912982714
7907	0.8247216335801801
7935	0.7905195688343117
7960	0.7900645945925044
8010	0.5518181456555639
8029	0.7947977432407727
8053	0.8497933480948716
8070	0.8977799960487836
8072	0.9097066864792539
8096	0.8055528781737417
8120	0.8562587114530135
8124	0.7983843170865484
8155	0.8888714534355815
8156	0.9121973962839518
8187	0.9015556616013309
8234	0.35967920084177546
8239	0.36809243191977264
8353	0.4078313112487813
8354	0.8659421186698165
8358	0.8974141840639887
8370	0.3674923055898686
8419	0.8706870737314616
8435	0.8008679453710753
8474	0.8384863826439546
8533	0.6822153539383
8569	0.9174916007069864
8570	0.8127615979075911
8619	0.3155465098911191
8630	0.38052691719336157
8637	0.8950701265187156
8744	0.38186357736055154
8767	0.9036038912940659
8791	0.3768102116140438
8795	0.31554601413658806
8806	0.38873822788138057
8829	0.8575629521212413
8877	0.8697681626253619
8884	0.31554599594643135
8905	0.8428043967363117
8949	0.9110518583082652
9003	0.8805863763529985
9038	0.8940403461358221
9041	0.7984657631857999
9052	0.8308565511075046
9063	0.9183468524274222
9067	0.8991730783009642
9076	0.8750998024636686
9079	0.9048141470751512
9081	0.8729299167918435
9182	0.3165170474632491
9208	0.8252607713317722
9209	0.8832246933421402
9212	0.7615235059016485
9242	0.9039582474334601
9247	0.9171273887671817
9261	0.8932117943445678
9284	0.901083651596239
9335	0.8332709085734308
9351	0.35322375295260894
9368	0.8486194829010091
9376	0.900204472335085
9381	0.7990737231843027
9430	0.8764644029080205
9446	0.8864688581663992
9447	0.8937965345983273
9471	0.8991248217942985
9518	0.9080129215065963
9539	0.9148148286885057
9540	0.7898177530939277
9547	0.8896738312066144
9548	0.8819739419405337
9550	0.86343094101217
9577	0.8500567372129634
9603	0.3155615039766622
9654	0.8935176344765206
9676	0.8365745429232904
9690	0.8868260510583069
9707	0.8792438897864504
9710	0.8934827558041912
9715	0.9080778756385107
9722	0.8138605952637962
9728	0.7581947454204139
9753	0.8582127260949146
9757	0.8556258866962846
9759	0.873027286137119
9782	0.892377657852631
9785	0.821122695237318
9822	0.9003126806708681
9854	0.8099664351838206
9878	0.9073641948663635
9893	0.8642820510279509
9898	0.8544744894285857
9909	0.39704970551469526
9934	0.7798264238841615
9957	0.897665600678021
9961	0.37742491193873584
9980	0.8826130186735268
9993	0.8962578179512546
10012	0.3591844997997594
10015	0.873849123825114
10068	0.9088733688717919
10086	0.9134558737266384
10116	0.3517187409302219
10158	0.3943223122910046
10163	0.3155458732235074
10175	0.40136357119144234
10178	0.3155458558676726
10182	0.3155458695854761
10186	0.3611658085899041
10194	0.8524100729387094
10198	0.36967704603246454
10200	0.8752992903907054
10204	0.3155459904481533
10214	0.8775373675669699
10216	0.8964685878840023
10223	0.8556349755996884
10241	0.7511950805300698
10267	0.849956873395715
10273	0.8488796645584695
10296	0.851931257372676
10302	0.8218336540198629
10312	0.8862387266745044
10314	0.31499098131673736
10319	0.8872943362310539
10320	0.8925007748990629
10334	0.7803936612392856
10344	0.38410257724828006
10354	0.7758996443541706
10371	0.3155458830073864
10375	0.3797076684230584
10385	0.3155464140799257
10406	0.7748871419716657
10426	0.8053167288468546
10437	0.7892229937479331
10453	0.3585898252198952
10530	0.4185731753055357
10591	0.362488302595321
10707	0.4156548087682858
10741	0.31555390905265734
10785	0.3717084615301506
10798	0.31634207084029053
10809	0.31585971657814793
10810	0.31554595959764753
10847	0.3159325497036811
10916	0.3153046022494177
10935	0.39592549795948684
10968	0.3565489446657674
11027	0.31556644197361716
11028	0.3482022977177994
11037	0.7614968888710745
11049	0.31554633168336643
11081	0.37801842395900576
11082	0.31596187829483435
11088	0.89199898794941
11099	0.8259190300967673
11105	0.8341708517675015
11135	0.8052820278826548
11152	0.9031717147514113
11175	0.8868248107588336
11204	0.8423138624916652
11251	0.3155458773199307
11259	0.8965296323618784
11278	0.8773595492801552
11299	0.8243077120845888
11313	0.8952807807766188
11373	0.8947866435664016
11377	0.8911765883286683
11388	0.3155625945177881
11399	0.3538359911037702
11414	0.863747838794866
11431	0.31554585985738026
11475	0.8707501575005305
11476	0.8630423892990394
11536	0.8851077453595989
11543	0.3215572691383371
11583	0.41132143107796754
11590	0.39315263326339084
11597	0.758248453121713
11605	0.38736439319912336
11610	0.31554586154542685
11630	0.3391122372236743
11672	0.46482435652063336
11722	0.8120874536544868
11732	0.7251945629783662
11754	0.3624407663485259
11794	0.8852160759332351
11796	0.38777930164896146
11802	0.8682852893236822
11814	0.31554620184930393
11817	0.3155457879795823
11820	0.930505890345013
11874	0.900478343334528
11885	0.3808820587691703
11890	0.3155462855215994
11927	0.8838611009218732
11953	0.41718160578316743
11965	0.8410593848170534
11969	0.874485592096911
11970	0.879874795561683
11973	0.8779675488531632
11992	0.897493298679922
12051	0.9307232944267922
12053	0.8951072491481799
12069	0.8669676672970784
12078	0.9066485338555483
12096	0.40144902480777517
12171	0.31538948174074816
12186	0.8411980589610576
12239	0.8841325019696742
12266	0.7805175922491485
12285	0.909019832329517
12313	0.8877782912100096
12362	0.3921362644369585
12412	0.3753882159307199
12440	0.813424532728859
12464	0.8515295082303328
12465	0.3565800005553963
12480	0.3771230485606713
12481	0.3155458669127357
12484	0.3155596436402311
12528	0.8921019064712045
12552	0.9035849414679036
12555	0.8675602660162587
12557	0.8959439607284385
12565	0.3549155348586354
12572	0.8775509271161208
12575	0.8933593477298042
12622	0.3558521263532184
12638	0.8860372500467387
12652	0.3157916243677106
12655	0.31574767584313496
12762	0.880054530715085
12787	0.4055441360164412
12840	0.8090272792651978
12851	0.8931476405334668
12894	0.3155716036585673
12902	0.8954588672760814
12919	0.4034956451979431
12926	0.40425430733176393
13070	0.8997643221566389
13140	0.8620904430711649
13218	0.8067386532271895
13221	0.8295897599288792
13244	0.402665377534057
13266	0.34441103813923624
13276	0.8191609881285158
13344	0.7560910178966772
13346	0.3643569467062493
13400	0.3977545461301937
13458	0.7942042085531421
13484	0.315554075114236
13494	0.7912362553552298
13510	0.3190409249838377
13586	0.34037287960060403
13605	0.31498381571438583
13638	0.5840632635741791
13680	0.37430157640672757
13843	0.3155460743314546
13861	0.8647782267435461
13899	0.31554584392522833
13913	0.31535326647268114
13934	0.3591023069630455
13982	0.8394205418380951
13989	0.31547963850698596
14047	0.8959022625057244
14058	0.31556157025674253
14063	0.9045610575002795
14142	0.7277857914411034
14143	0.8473345315915579
14145	0.8050416496596281
14159	0.9022490791670686
14225	0.7985713751265238
14238	0.3406487850162777
14243	0.8133793260663297
14285	0.31558628903774816
14301	0.35616818731594535
14384	0.31591295263293717
14403	0.8244481582966823
14404	0.3155460282861046
14411	0.8712523451720596
14436	0.8677090444673182
14545	0.8704232079609285
14591	0.3817710323213264
14695	0.373963028893542
14722	0.31554707769079743
14746	0.31554589318174736
14770	0.31726949684848477
14782	0.3157301166617291
14786	0.8999951497494506
14814	0.9307373794919961
14821	0.8901319262365942
14845	0.9130849894505999
14849	0.41995895418796864
14856	0.9075401191407035
14860	0.31554588023278113
14872	0.7371623185267846
14879	0.8923241772906061
14900	0.8586570529807279
14902	0.9037963614610689
14907	0.8946895102638759
14945	0.8783136957044982
14952	0.8884862301282219
14972	0.8408967563103386
14975	0.9334316501962722
15008	0.9061675296450085
15090	0.8140883629739304
15100	0.8953587085818409
15103	0.8877093020114152
15118	0.8568079426679024
15138	0.8570626606474309
15144	0.3565690884089291
15166	0.8758490155386842
15168	0.9325079885367191
15176	0.7903740554339195
15193	0.8857054646733781
15275	0.8809719205783788
15355	0.8756284462532203
15360	0.8743749460133399
15369	0.9115792017150434
15373	0.9076736579997384
15377	0.9041623250765847
15395	0.7620423790668046
15400	0.38288745476110214
15405	0.8101826786559904
15412	0.31554587017483715
15424	0.8306667271280829
15430	0.31554595227307775
15475	0.33710945373115353
15503	0.7909983410083326
15515	0.8559004469644217
15555	0.3637579841146617
15595	0.3787612203422499
15681	0.8440905899241419
15688	0.8330457179937669
15689	0.8501538742869149
15697	0.3155458624476586
15698	0.31554590398427507
15702	0.3163231740056926
15703	0.862024384200101
15721	0.8526833351839426
15726	0.32186058797632455
15727	0.3157881887297534
15728	0.8491606627935855
15731	0.8749640388684313
15734	0.8874840486611586
15736	0.7204539323136083
15739	0.7753927376709198
15753	0.8974038288904186
15759	0.85534383319682
15762	0.8712398016474513
15765	0.3156133627431205
15766	0.3264905833624643
15773	0.31584786773319895
15776	0.8179016203407175
15785	0.37970009950855227
15787	0.9097513896285441
15788	0.8766848395993692
15798	0.8643979045968615
15799	0.8959022642859343
15802	0.8821399000681216
15809	0.8749285386748273
15821	0.8448068507832661
15824	0.8873634676863754
15826	0.8847194127626709
15828	0.8774288291210735
15837	0.8988732664209004
15838	0.8507905422987594
15852	0.8105786776593884
15853	0.8419529831801729
15856	0.31554591077041627
15860	0.8422496615316782
15864	0.8893631879831848
15865	0.8998694175623967
15868	0.8980515498453939
15871	0.8680316769079236
15878	0.8893584170688825
15881	0.8451619125139882
15885	0.8902922498200453
15897	0.8634472520965885
15901	0.8793922341209315
15908	0.8711989831104169
15919	0.9136127072132284
15923	0.9300070871776979
15927	0.8739985228345828
15928	0.3165310999850498
15931	0.9097071868104283
15933	0.8956124528059002
15941	0.9008160904274605
15943	0.8731828470039649
15947	0.9272598628656846
15953	0.8606306328678747
15954	0.862279706151041
15977	0.36573672761976606
15978	0.31554594343266157
16015	0.6541710274670498
16024	0.31554600245850745
16075	0.9115879698410967
16080	0.8959022637450803
16081	0.7835078503700176
16085	0.8179919161549386
16088	0.7731688413322468
16092	0.7901876032037741
16103	0.8426982022546063
16108	0.39721048868094416
16119	0.8462004391462404
16120	0.8485787425889246
16149	0.8786750232554067
16155	0.3150034356368173
16170	0.388580675510096
16178	0.3155459961622879
16202	0.831434788346285
16210	0.40483763958493224
16212	0.8138127978548577
16221	0.7909851308557116
16238	0.9214927210985183
16242	0.8944747727038478
16321	0.41918100854289997
16341	0.38308517976848566
16346	0.3284388121811837
16347	0.39501089052077204
16349	0.3765041057117748
16352	0.8625706789076567
16385	0.8821496263691687
16417	0.8735220856000097
16418	0.8748675812380637
16433	0.8685203708641172
16443	0.9050288924302676
16449	0.8767039970576815
16465	0.8393498537734525
16473	0.8855107586377968
16496	0.8502892896303891
16513	0.8458187366213235
16520	0.8212854438839547
16523	0.8651788094869591
16531	0.3259763894453473
16560	0.3155458607305078
16568	0.31554587235765597
16572	0.41908875551632385
16577	0.3151569490996606
16616	0.4037645118718436
16629	0.775142958995612
16641	0.33657511527535877
16642	0.3155636173745535
16647	0.3158311637826264
16655	0.31554584575152006
16661	0.3157934152759515
16668	0.3841589011961625
16694	0.31486258709726306
16699	0.4274017132172056
16713	0.3567427917597235
16744	0.31557926248095464
16749	0.7581964391713897
16750	0.3145960935015057
16777	0.7906234408865461
16801	0.8301251829497269
16809	0.8059881309920431
16826	0.8711756936512919
16833	0.7041762880921427
16834	0.7801293394876055
16869	0.3155458615381508
16872	0.3436535655106952
16876	0.3718476292507177
16880	0.31550001527575644
16890	0.3155464750654577
16898	0.31554585788314193
16901	0.3693736639873205
16932	0.31567126577850724
16945	0.330746422645458
16958	0.8853766162269369
16986	0.8507196868822497
17004	0.883890944750428
17011	0.9012783212224027
17014	0.7972334613640685
17037	0.815448848344017
17067	0.8311212602149334
17114	0.4210774310992293
17140	0.9128793795220318
17143	0.7855541101997499
17147	0.7763197135236678
17170	0.8662153809708326
17174	0.8894661253984885
17177	0.8858776646610781
17191	0.8602220537800785
17209	0.899781934307781
17228	0.9046902654527763
17284	0.9134971088182614
17298	0.9305058901849397
17300	0.8173561453374061
17306	0.8322758033877735
17314	0.7905584752802808
17322	0.7902901820134777
17325	0.8287096086633617
17332	0.7714479671227774
17338	0.8812450745363964
17347	0.8393384406676441
17350	0.8467981355379968
17368	0.8022292584781798
17389	0.9034781418966986
17390	0.3155458859517664
17407	0.8888042304987783
17412	0.8932491241089843
17420	0.315003655014958
17443	0.8758655161596852
17451	0.4027662375970841
17453	0.8903008718039543
17455	0.33675661166764354
17468	0.3729795399395351
17469	0.42786483263040753
17470	0.3738598197633787
17471	0.4528525188245587
17474	0.8558721052838588
17475	0.3664561982678619
17476	0.3155458650670412
17478	0.8567355952438068
17479	0.8587205330357001
17480	0.3155458589575738
17481	0.37370358816482085
17489	0.9056996180617001
17490	0.8957311448420501
17500	0.34780191614539285
17510	0.9083426279317971
17558	0.8617429910178771
17573	0.8899911601566584
17583	0.8886270835863944
17585	0.9075444150833352
17625	0.843224282000899
17662	0.802931593513583
17740	0.8846829851718186
17767	0.9244574780166822
17819	0.9119258999076029
17824	0.8313957174976794
17863	0.8951760027939463
17884	0.9622357389032157
17895	0.8808627201417475
17920	0.8786552537856336
17960	0.885398808509167
17997	0.9288477488636923
18058	0.8903574234222636
18064	0.8791669668467164
18084	0.8470487548289529
18196	0.8412481156044369
18208	0.8708000002300923
18215	0.8151723453113602
18275	0.8858626448206985
18283	0.4026567090827862
18313	0.9073669896190181
18333	0.8523938570421682
18343	0.3528634904669054
18372	0.8917371341363277
18374	0.7723235969750327
18384	0.8670767804840167
18386	0.31528452566431464
18389	0.7871856423340188
18397	0.9157281551860863
18408	0.8738210062036256
18411	0.7811899242557455
18426	0.7986301808617765
18457	0.8851828563050627
18463	0.9036404429708913
18478	0.4040009821846616
18492	0.3294299229563738
18509	0.9081297053370985
18532	0.7493507846812071
18533	0.37979272058020713
18535	0.838032009712945
18561	0.8825515396134042
18618	0.9116805307833695
18623	0.8683297884982564
18628	0.8775161036278762
18632	0.8548747848887905
18665	0.8830745457034328
18671	0.8212213304404495
18725	0.7576850692518485
18732	0.3542156325165823
18736	0.8555959614825435
18740	0.8366800029495269
18741	0.7786798960049972
18751	0.8682169198152199
18758	0.8404279941965331
18788	0.868497379163305
18805	0.7945306983765513
18842	0.7620442796253103
18855	0.31554599285653007
18881	0.8838645721761571
18886	0.8404379578524463
18899	0.8746852560925379
18904	0.8758598313767605
18907	0.3155576221365862
18914	0.34581840480376075
18926	0.8670485978848631
18943	0.4201264045026189
18944	0.8534820674874971
18948	0.8453830716698543
18963	0.8031747243341822
19000	0.8594692631863087
19024	0.8785404591845876
19049	0.9264687751016063
19050	0.8915861652775293
19079	0.8515486796417083
19100	0.8801144470661207
19120	0.9239715960040543
19121	0.9126516792246181
19136	0.8950456369506621
19168	0.3578338039572792
19182	0.9299545893910343
19183	0.840377554225918
19185	0.7612994782284045
19186	0.934133349723383
19193	0.9099332859011071
19197	0.8957223648899694
19208	0.8889828691737874
19241	0.9014979805586167
19251	0.9115789420517688
19342	0.9239495288240205
19419	0.9728022120113233
19452	0.7986972260370924
19457	0.3155460690732867
19556	0.791622098035
19593	0.914089546603062
19597	0.7767621003225521
19628	0.8920549094994965
19638	0.8923405213671182
19650	0.7620066787087163
19680	0.3599290100619943
19737	0.31554599205131245
19812	0.889572993236139
19830	0.40664038327076296
19840	0.31663157953910276
19883	0.3837355056242373
19910	0.7589707815865241
19950	0.3474184462599991
19977	0.8267597646751434
19986	0.3155461007726664
20038	0.824244157736166
20043	0.779423248912448
20129	0.38292125850188546
20150	0.315687239108096
20189	0.8806743532739151
20229	0.9148150876144723
20300	0.9045589113867849
20330	0.3156343721752428
20333	0.8641204970744267
20345	0.3829440000080059
20349	0.35753541620883783
20372	0.9089285000716963
20385	0.8437419061231799
20402	0.8969379165920849
20412	0.8524434442412591
20427	0.865768412983406
20447	0.8596502502760336
20449	0.783846101851742
20457	0.8602220599792839
20464	0.3553595142930526
20486	0.8500264194774684
20533	0.909799804588452
20549	0.8974620664403619
20558	0.9056059101233311
20573	0.8690235982631758
20585	0.8091683602118959
20587	0.38915538876254097
20595	0.34547539101774166
20596	0.8286519407272619
20597	0.8421744568486992
20609	0.8173202433571954
20621	0.8491557661440693
20627	0.9286147840899657
20632	0.878566704139144
20668	0.7292934403619652
20669	0.8941481135591838
20679	0.9036382012693359
20681	0.8567347339714162
20689	0.9244697009337153
20695	0.8970039923193606
20720	0.7812762652922127
20737	0.8830397134572342
20741	0.9143353460045383
20758	0.8291170471410193
20764	0.8911734160599267
20768	0.8793392030425297
20770	0.8171380150172581
20778	0.9004829500984306
20790	0.9068103509503047
20796	0.9286324708910859
20802	0.8681211526856265
20805	0.9113242519565378
20859	0.8634484540730397
20889	0.8757861452881002
20890	0.9211581258698225
20909	0.9028264322429653
20923	0.9050546202726238
20931	0.9256412587862356
20933	0.8520351780653895
20956	0.8921342341802101
20960	0.9029009612440847
20977	0.9144733759405044
20986	0.8596116309944303
20989	0.8898382851101073
20999	0.38739046721471393
21000	0.8917506423237523
21018	0.8904367093918985
21019	0.9154110260245967
21033	0.8512028607928537
21041	0.878651345368526
21053	0.8548666332222971
21058	0.8541378476180821
21066	0.3540790873606464
21070	0.8593896641398233
21074	0.7947669107335442
21094	0.898632161040296
21101	0.37383630084149005
21126	0.6363324898685061
21191	0.388910625862873
21201	0.31554584577092293
21212	0.3542324481716945
21219	0.34258898149108125
21243	0.8198945504193761
21256	0.8263001503959988
21271	0.8321980204804892
21294	0.8775970823734947
21406	0.8640967787180853
21442	0.8496352362671271
21467	0.8599011912659748
21475	0.31554586132229423
21504	0.8099837159515384
21522	0.8482919224146773
21540	0.8377311447489261
21549	0.886956949368709
21555	0.8888916400614313
21652	0.8788002041958246
21682	0.8681100123497069
21709	0.9064317812166385
21755	0.7507735193626882
21772	0.9171376541880933
21781	0.8856955139203494
21817	0.8035020905350883
21861	0.3206890356317839
21874	0.31554593637973155
21893	0.8668074412371207
21897	0.8272072358314091
21905	0.4010485012066249
21908	0.7758537794820334
21919	0.8242601803489527
21921	0.8239650516848075
21926	0.33512052338418924
21940	0.8629600214875702
22030	0.9302404370370418
22085	0.8581419913955611
22092	0.9029187956086064
22111	0.8531268574075582
22129	0.31554626437736133
22136	0.809410312851194
22175	0.8953368096316523
22176	0.8822691019814863
22186	0.8928506093390031
22201	0.8737636104529037
22313	0.7546715155648126
22319	0.8679902941122283
22329	0.8657608250516973
22332	0.885997244633963
22352	0.871408897783227
22357	0.8651502427335239
22380	0.9040819797922597
22383	0.9567440246429487
22385	0.9182024666785011
22388	0.8620881639221403
22412	0.8921088310758076
22421	0.9131488385280686
22499	0.8717661046087949
22518	0.8836185506170842
22531	0.31560704547389495
22539	0.9129160921647664
22548	0.8836634369994611
22552	0.6183239392532743
22575	0.8459437825446968
22599	0.8333216687562885
22661	0.8597127228024793
22662	0.9004572268860757
22666	0.8793166538864021
22697	0.8644250685448139
22711	0.8938464002862925
22713	0.8815501607421368
22752	0.7880033752094222
22796	0.9181077529263307
22814	0.9280021191225422
22862	0.883951012516328
22883	0.9058368611763743
22907	0.8683789249743685
22914	0.8745497011480996
22916	0.899012989707659
22928	0.7905075591713998
22940	0.7863963734667693
22947	0.8850409686540188
22948	0.8818428545834708
22965	0.32290816264233624
23025	0.8928662868166071
23050	0.8457373107082954
23057	0.8667381790673335
23066	0.31496249741582794
23068	0.8707136666588653
23071	0.8895550302963133
23077	0.9182175151477618
23084	0.905268879106533
23085	0.7916515102281135
23093	0.8513885417458026
23112	0.8661755015697612
23225	0.8004267070768575
23243	0.8826686592244979
23278	0.31554585758482334
23303	0.8588401079153412
23337	0.8960370516421399
23338	0.8131433164713754
23339	0.8428926385568425
23342	0.7712804878930541
23362	0.8982357938414471
23368	0.8868244865593085
23379	0.8688640963072753
23456	0.944792925076447
23476	0.6975202881275184
23479	0.8251210365852147
23492	0.9147960107337033
23510	0.9172512910608506
23563	0.8875505982977998
23564	0.8941759802438223
23567	0.7788039932268108
23585	0.8975951383750516
23596	0.8168336638223928
23664	0.8897173691648008
23678	0.8633182361569608
23707	0.9422956350650206
23739	0.7897962428479852
23744	0.8920562856721644
23755	0.8671960966608233
23756	0.8904366786796378
23759	0.7947401212142029
23760	0.8738221354800839
23769	0.8820697235955733
23772	0.9006323369447479
23787	0.8498600571015391
23828	0.9073109585884417
23849	0.908487908461803
23862	0.821106179147408
23864	0.8968936104417523
23888	0.8995213779209656
23917	0.8827280169509704
23918	0.9034807370742298
23923	0.8777125237607301
23930	0.8843323945525119
23937	0.823004884954036
23938	0.8915025032194325
23943	0.9049232016267257
23952	0.8097417988776345
23987	0.35218179577806885
23992	0.8211922300484503
24015	0.9096182701278074
24025	0.8545911885317633
24029	0.8960360307159564
24033	0.892202202246466
24035	0.8748269477701095
24036	0.9293987902805151
24053	0.8894157297609233
24054	0.8508667938689135
24069	0.8465576274445273
24075	0.9148493342613181
24082	0.9043779027865934
24084	0.8789860499515935
24088	0.8973430454946493
24098	0.78970750891338
24104	0.8310004717996031
24139	0.7561253061529002
24141	0.8762000261153517
24145	0.9158075296568969
24188	0.9156888242982764
24199	0.8533119565859375
24207	0.9168205672301926
24208	0.8912685736252418
24212	0.9296369479001428
24216	0.87400523031905
24227	0.9036615714951822
24234	0.9132182231636924
24236	0.9070250426905409
24245	0.858813974815696
24297	0.8466578004604847
24409	0.8328447530526841
24419	0.8150000728734786
24430	0.31554585860104684
24460	0.37826575982481087
24506	0.8373700395884482
24507	0.315545865394464
24541	0.9019818995841213
24602	0.8419263612625101
24619	0.8603305455597342
24625	0.853081139339687
24641	0.8627971763967227
24767	0.871282132729971
24790	0.8900600543225983
24865	0.3823744262606467
24866	0.8910496459601901
24886	0.8920311812331576
24896	0.31554592789341707
24899	0.8673325627720397
24975	0.9297238079769671
24994	0.8778191138880452
25019	0.8660792897466194
25023	0.4007037837062745
25061	0.8953249199097832
25068	0.9107402049636051
25079	0.3155458589818274
25158	0.8816579528483285
25186	0.9216138422263671
25295	0.8897369668952413
25309	0.8974779603226223
25360	0.7949953462310104
25455	0.8585287086750435
25554	0.41941926492052645
25557	0.8803490639086854
25583	0.31558032815734893
25585	0.8654387745869658
25603	0.8748198521925851
25604	0.8744019726498626
25607	0.8879816636547135
25622	0.8918332662841577
25623	0.8960463073759595
25625	0.7660015545091874
25634	0.8850408662701156
25637	0.8929161671634132
25640	0.7801809218412933
25645	0.8642439692509262
25650	0.8886169929486354
25653	0.9311648954448618
25655	0.8787387946827346
25657	0.8702082783686288
25660	0.881528806710835
25747	0.7601268258159466
25775	0.91551395388643
25835	0.8747686574881145
25894	0.8964357813082069
25968	0.8790258708943519
26014	0.8395199845265364
26039	0.8046159428318391
26041	0.8684670747793853
26056	0.8707848434178326
26078	0.8907869314568022
26112	0.8822398052546369
26121	0.8541537469598148
26171	0.7905090242648297
26179	0.9005343098894876
26183	0.31554611740089505
26194	0.3675662802520256
26263	0.8539184399196452
26332	0.8769930853286144
26385	0.3156939287249788
26393	0.8519309700021549
26406	0.39340249716322073
26459	0.383001850743054
26465	0.9125880134942276
26470	0.856172712061644
26525	0.31554591924702924
26591	0.8773909264128023
26593	0.8889564351580181
26612	0.8801401798561995
26614	0.8611439780613838
26634	0.7898755448758904
26663	0.8037990701301408
26785	0.7756394673679426
26812	0.8516793165280288
26895	0.8468660807477143
26913	0.8797572153248889
26937	0.889342256979742
26956	0.862555656491551
26970	0.885441880794491
26978	0.8683958283787968
26982	0.8949892065782359
27000	0.3155458588920893
27005	0.8551896602607594
27069	0.8579048121686795
27082	0.919089500847081
27104	0.8094795628699569
27152	0.8745916207328942
27202	0.44277154738260355
27209	0.31630418631247453
27247	0.9147508756797574
27340	0.9067802819518633
27395	0.8673384816695573
27396	0.8822600993309551
27403	0.8687009785581055
27434	0.3934014759532708
27458	0.31554578346842344
27468	0.3155462986088109
27491	0.4802834294823728
27493	0.7613026695822586
27497	0.3819475099353829
27530	0.315546179453583
27625	0.3155460973213874
27644	0.3155458588314554
27679	0.7614897116173214
27689	0.8651933053829156
27692	0.3155460094677812
27746	0.7207669100811531
27750	0.3155458743221929
27760	0.8519392612744627
27862	0.8904911053674966
27879	0.3286858364010972
27895	0.8946120564989883
27899	0.9524260079409105
27934	0.7905090225234255
27955	0.8357179189907902
28085	0.8486955063738744
28103	0.8531210121801752
28151	0.900166464153009
28169	0.9082921626841401
28171	0.867842432338351
28179	0.852854610614484
28217	0.8885742732613089
28253	0.31554585675292685
28399	0.3493680538513662
28418	0.8884296703534462
28452	0.859978034891775
28456	0.814899536684979
28483	0.89813002128649
28499	0.8377911661396282
28524	0.8917382598596421
28558	0.8959914092477459
28600	0.8580898376890511
28614	0.8375340615969868
28615	0.8478102140971262
28619	0.9179669918110949
28633	0.8128309945511436
28712	0.3400610063927326
28730	0.8724144574097777
28752	0.8165581549909411
28802	0.881789412810136
28806	0.8157642643468461
28819	0.8736449138764911
28822	0.9078109699168615
28823	0.866647355260773
28891	0.880561741515928
28925	0.8930697423030144
28927	0.8736040297360502
28929	0.3161670798301307
29145	0.867515668908306
29149	0.8259818829502853
29153	0.8796642505247567
29182	0.9166329417907225
29183	0.8633052832204317
29197	0.7610455754322601
29199	0.8174450922447914
29204	0.8817717123615476
29372	0.33102367373739555
29378	0.8790093073426849
29387	0.8610560921591606
29414	0.88281648645648
29430	0.8416248650466956
29482	0.8715967631823939
29489	0.8758575610899803
29514	0.44534353353843587
29535	0.3893386446013716
29602	0.8083130700544461
29608	0.3165482537709218
29618	0.31554627058869344
29634	0.7900025012265359
29694	0.31570000180711544
29708	0.7303253245820037
29712	0.3157030888755883
29714	0.33837734209152465
29716	0.526096040358388
29725	0.38289102804518793
29727	0.7570778688645884
29729	0.8431391914115872
29730	0.7989968816297549
29732	0.7905090148762836
29759	0.8624792016160785
29811	0.8605949552329302
29857	0.9062542312419114
29909	0.886040016286929
29915	0.8583535248686255
29922	0.8636921561882528
29953	0.8357688973148582
29963	0.830787671110484
29964	0.9031207296800078
29967	0.9142899703093713
30004	0.7617109346788458
30081	0.8859303585012507
30095	0.8878801394472366
30101	0.8721543882014409
30109	0.9016045456101947
30125	0.8965042337055754
30131	0.8608733765728349
30148	0.8946517757927259
30157	0.8897943030404574
30166	0.4235959174090451
30171	0.31554649138809165
30173	0.3155458693477914
30178	0.31688679663470326
30179	0.4164430787339936
30192	0.31554605312415734
30196	0.3168774496784604
30199	0.31570742384702016
30203	0.31554601810204225
30208	0.352501932109587
30215	0.8491356784071876
30216	0.9262354494836778
30227	0.8359253998909677
30229	0.43062667371803204
30231	0.31554609549267026
30237	0.39277367129658824
30242	0.3155456788798731
30253	0.8555266301901604
30254	0.8611115444832408
30268	0.8184530903127817
30279	0.8855315141644357
30283	0.869031306882936
30287	0.8632629176736284
30290	0.882645869432
30299	0.7905090206340744
30307	0.3156703307729226
30334	0.7612658744168462
30335	0.9045083782752914
30338	0.8558365561660094
30339	0.8456786348362092
30340	0.8781336428733486
30345	0.8281078370701634
30350	0.3839768152511974
30355	0.8874408991428543
30357	0.8697267064360221
30363	0.8483311987975016
30374	0.31554986086966164
30375	0.8605078529456806
30377	0.3286138319439179
30380	0.36041199694868303
30386	0.33296085377731727
30393	0.42121340643274147
30419	0.31548437780437044
30425	0.38148437875921304
30471	0.31517808774738015
30518	0.3547062409600906
30542	0.3162401562477971
30583	0.3155458905405366
30594	0.3150952387383559
30599	0.3722988008378391
30640	0.3154416389591711
30647	0.7182075475666555
30740	0.8819308041803468
30835	0.3155684297599876
30864	0.3331808399300135
30887	0.9092601151827647
30897	0.7806825599251292
30900	0.8530038910508098
30905	0.7609392620499894
30920	0.9420293044651942
30939	0.9098747238945514
30955	0.8497933505129496
30960	0.8886113125822808
31003	0.3155460004818438
31021	0.476398592066292
31119	0.3156060894356385
31152	0.3686750280245748
31210	0.3147761165177757
31221	0.3155460577953895
31273	0.44489371116617016
31307	0.31554598992670213
31314	0.3153303382070091
31395	0.316160654523501
31401	0.3163206688039525
31411	0.3155456460260247
31431	0.31634458331324256
31436	0.374955363381208
31446	0.9092055725047652
31450	0.790401795711521
31453	0.8708623114874592
31455	0.8602220738838398
31471	0.9058947143925599
31489	0.8391475231493588
31493	0.3155458592316389
31494	0.8853132820182157
31510	0.8957058406678465
31516	0.9019326793532517
31527	0.8678879773208179
31531	0.8613532373816535
31536	0.8660195058029473
31538	0.7905090243618438
31539	0.859987707121975
31543	0.8859979628613865
31551	0.9043176330129395
31552	0.8997687913156439
31556	0.8935663380099255
31557	0.7477383856862239
31559	0.8118836581649463
31565	0.37995222276166557
31571	0.768832605138838
31572	0.3155535773563624
31573	0.894408513207482
31575	0.8422935933019069
31580	0.7806324407755205
31583	0.3363294482012092
31588	0.8798787438516142
31594	0.8696821527807159
31597	0.8981771871792693
31599	0.9280936406404547
31612	0.33405010898521087
31671	0.3887007402749108
31694	0.31529138003308477
31735	0.31554586978920585
31739	0.3155458663379268
31754	0.3156323983225325
31786	0.44032470975233
31790	0.7757181489247515
31815	0.36359099068339035
31854	0.3972531423768073
31869	0.3825300953564998
31876	0.8329872618248187
31877	0.8499064827762075
31885	0.3155982853345329
31894	0.8781250697045441
31925	0.9285859502953288
31945	0.8916310209646231
31946	0.8980765987534903
31951	0.3155458662166591
31967	0.35243759322455587
31990	0.315545961045584
32057	0.31554589990240395
32103	0.3799521976058915
32113	0.3155662388962823
32121	0.3155460177721941
32142	0.7621037823806894
32144	0.3155460096618095
32197	0.8731701561730421
32202	0.8842919510091963
32207	0.7840660511584567
32212	0.35661942362606974
32230	0.3990557288924081
32277	0.7952368274008497
32292	0.3670144007855788
32301	0.39027422408294804
32341	0.8467728513147571
32359	0.8452976117160708
32392	0.3155458434377322
32419	0.3609429020099733
32444	0.7901958550713518
32447	0.8020530230502951
32461	0.31541974755911045
32474	0.34538626188379173
32491	0.31554585838033955
32530	0.8270348441752404
32531	0.8904591534525763
32536	0.8761637137555044
32554	0.3163130780442809
32590	0.31554623502814977
32612	0.315546080940545
32659	0.31554600188612386
32687	0.3156185209040309
32709	0.41274137691738233
32730	0.8242193208695135
32763	0.891886100147306
32779	0.7755621423626858
32785	0.836136411131909
32805	0.4243309261132572
32856	0.8586630086490408
32932	0.7897465726945037
32986	0.8744662975211972
32994	0.346197873504673
33026	0.8265303040095494
33149	0.8435784183158874
33163	0.9002227133005418
33183	0.31555145606394314
33197	0.8948627055247877
33211	0.328747530049286
33318	0.7675985627301152
33334	0.8809393256729485
33338	0.8572014152937927
33414	0.3831987587844179
33418	0.8526076570475645
33441	0.9168620692174962
33452	0.7972301670393752
33453	0.8666133168475653
33468	0.31554586722803174
33472	0.8552945457351314
33474	0.8760242403408649
33485	0.8903303036860934
33507	0.34669244141657013
33531	0.31566062554577856
33586	0.31554584377970707
33596	0.3168556296177691
33612	0.3687496689194115
33622	0.3160816129980428
33640	0.40933165451036085
33681	0.37166526042698744
33687	0.31554620153400786
33718	0.9101541301659575
33719	0.7929454023682421
33733	0.8829967721677172
33743	0.8361731352053381
33745	0.8697412389936333
33760	0.8016900068707586
33762	0.8921279849251932
33775	0.8601682529379009
33806	0.8949252674910211
33836	0.910121203794641
33868	0.8993265959742224
33873	0.8991155372302932
33906	0.39822670746768785
33907	0.8472822965362419
33919	0.9085305824263514
33920	0.9168934187253587
33930	0.8803651233189466
33931	0.8985273032198128
33933	0.7688185431217756
33954	0.8503347393012854
33959	0.36724220323891243
33996	0.3794210491991101
34031	0.8319480085467387
34061	0.8989298513199203
34086	0.8956370646384858
34094	0.4155031482639461
34150	0.7581963943120379
34202	0.7995886822012391
34206	0.782937767344352
34237	0.910939329451311
34244	0.8754421047477714
34248	0.31441606254947657
34250	0.8547900159208521
34260	0.4275468922655399
34336	0.8597657421639949
34357	0.7356340753022809
34385	0.8775382509610165
34387	0.8736514319844496
34388	0.78963182775016
34396	0.8630331318650465
34421	0.3153698195928996
34428	0.315612334764007
34450	0.8616761749099923
34460	0.79052484300234
34469	0.8794505910880409
34479	0.8554175572665276
34504	0.8214674990511747
34518	0.8913129482433244
34546	0.39844247385812886
34556	0.8021042891499183
34566	0.7905090788231731
34620	0.3601012811465282
34625	0.3763104493525259
34633	0.7905915685863039
34642	0.7902518404131053
34676	0.7733435454787846
34686	0.7693671975073922
34690	0.8959022642762329
34718	0.8535965814314024
34750	0.7914067645630128
34757	0.8555045065721338
34785	0.8421420028029916
34790	0.8328876300169561
34817	0.8796218134591078
34870	0.9266771096415846
34887	0.924364661388716
34919	0.31554591458792375
34921	0.8802229709865704
34936	0.8258309866071529
34943	0.8513635964076077
34952	0.9043081145865781
34973	0.8460250707485372
34982	0.8905690048251783
35076	0.3893215337806497
35095	0.9269142956230775
35109	0.8866575966227527
35112	0.9181128945899817
35121	0.865303578820511
35148	0.31554601764607565
35181	0.4126111214859241
35182	0.7516090763773201
35185	0.776118239983378
35198	0.7984029177781191
35205	0.8272940412722786
35231	0.8452898705868624
35232	0.9069463801194046
35256	0.8265709758902642
35286	0.8479817971814264
35389	0.8469058817710385
35393	0.7757457603917902
35439	0.7905161099711623
35461	0.8157842795219802
35495	0.8682798594842926
35498	0.8163722164872016
35499	0.8914352635331331
35508	0.9111930049262794
35593	0.8616492937995738
35594	0.8357496254938175
35607	0.83923754111985
35611	0.8553466815376765
35645	0.8617659627095167
35666	0.7237030425467047
35672	0.8121689769430617
35697	0.8614601171520465
35713	0.9033608339762518
35729	0.828483042383974
35735	0.8793721031812148
35743	0.8700621463282832
35746	0.884580247152162
35749	0.8495628662969389
35826	0.8038621672022777
35845	0.9474773875027032
35849	0.8690178030441715
35853	0.877156729149243
35856	0.9013404070843253
35863	0.8908915662926427
35883	0.8985989412180951
35907	0.9101102379023238
35925	0.8876822115419944
35954	0.901632853854824
36052	0.8870600129097086
36065	0.9023716364926772
36067	0.8951196878853589
36071	0.8267204076492909
36072	0.7522410302208753
36076	0.9067684309895802
36085	0.9005945966818519
36103	0.8953284454556216
36104	0.8582424479887856
36121	0.7612660050925066
36152	0.8913348051621239
36168	0.9142627491448871
36176	0.8955166061343895
36191	0.8695448226273546
36197	0.8818559714399907
36232	0.8359093549697727
36236	0.8896301733995486
36241	0.9108150668542938
36256	0.8951524427380498
36258	0.7899472974818614
36260	0.8204818131919049
36293	0.8439285028462288
36317	0.8792906058293781
36335	0.8385562823544812
36355	0.9260876174300914
36367	0.8766015724811038
36376	0.8534016710233471
36389	0.8914269987820735
36395	0.9287938137878596
36407	0.9088261222486721
36414	0.8968669110461487
36420	0.9004783473848696
36425	0.859539945944276
36436	0.8896826154224677
36438	0.9055364257765443
36439	0.8830877564939219
36485	0.8922190798742295
36491	0.8427750900630847
36494	0.912787521932485
36498	0.8469277217535895
36499	0.8747402999190561
36511	0.8634507055754514
36526	0.3155458589575738
36535	0.8576411543261903
36536	0.9058247950221119
36563	0.8605980440088524
36567	0.9011117122655598
36568	0.8805287194255815
36570	0.8955784866828006
36574	0.8882982876949542
36575	0.8766305334200859
36577	0.8489742729508268
36586	0.8880235820050028
36594	0.8287831230927257
36595	0.74914213882276
36597	0.8534376030124657
36622	0.899294982971026
36644	0.9069380029313484
36650	0.8599037730070436
36673	0.9020955466579186
36678	0.8230307710143752
36683	0.9068383988743887
36730	0.8836844472756067
36732	0.8485416161540799
36748	0.9273828292685147
36764	0.6357585448179087
36776	0.8856573901167869
36778	0.8817591336232212
36780	0.9106300475088743
36782	0.8875675596390897
36787	0.8976562990783274
36822	0.9000154179035826
36825	0.8734376250570923
36830	0.8923623612017226
36846	0.7960533946704138
36848	0.889823660432692
36856	0.8797120038359048
36857	0.758513191355221
36863	0.6866523879965267
36877	0.9347636370817944
36884	0.9077199246706091
36888	0.8905075591888623
36911	0.8718677082490481
36918	0.9033012930360959
36927	0.7898952560183198
36934	0.8966541478627074
36943	0.8975774477976548
36958	0.8776403708670212
36975	0.8535553681097591
37061	0.342971814645804
37066	0.8697518924130128
37111	0.8409922783336334
37123	0.7595190622347557
37212	0.8626844670449066
37255	0.8107256937170969
37293	0.31591500216882623
37294	0.3162372384472212
37342	0.31556311194043374
37351	0.8642276537426614
37352	0.3943306901169289
37370	0.7955936987295924
37372	0.3836400434611101
37374	0.769608864866825
37424	0.7807811326972176
37440	0.832797826190691
37489	0.7618685446813973
37499	0.4144400669477301
37539	0.8459700946888417
37607	0.3155460276118562
37643	0.8726179689630987
37678	0.7599008788192313
37785	0.9067851625382585
37786	0.8469926231340494
37861	0.8936888245176157
37917	0.3491686301137545
37981	0.8648006615345203
37982	0.7628645545047789
37983	0.8455736088028583
38002	0.7603746421832299
38027	0.8226724081073341
38039	0.3385925501921011
38046	0.3155461354867615
38075	0.7227555783807198
38095	0.3154815623391908
38097	0.3155266029013358
38126	0.7968966538679162
38127	0.7981137978975446
38143	0.8118036180677947
38162	0.8324352135803967
38172	0.385356592849255
38188	0.6556040826540878
38201	0.8235444177279219
38205	0.7912720800976096
38211	0.8514140709298192
38214	0.7671769855650973
38255	0.8127033275523066
38277	0.8700379266221184
38279	0.905230844747609
38281	0.9148148158001733
38282	0.9051097548825761
38283	0.8739484956738094
38284	0.8926353101251443
38285	0.9656147597624356
38290	0.8528317446173563
38292	0.8533631809549156
38293	0.8898979783309794
38301	0.8061772774051047
38302	0.8564930909916443
38303	0.8676280405198443
38304	0.8914666564499855
38306	0.8713941655777321
38310	0.8253256230797832
38322	0.8101136706851542
38324	0.7905744429175634
38325	0.7737665461424077
38328	0.8322925731503331
38340	0.7886980697484145
38342	0.7741362161502998
38343	0.8384150637107224
38346	0.3156011476575563
38367	0.7903117024774373
38381	0.8038231527577099
38392	0.3470277626726289
38394	0.36809812126963926
38422	0.8953089944275825
38425	0.7739314617096525
38426	0.8628735998202014
38431	0.8507163046069363
38435	0.8602220524509846
38441	0.38072544628085775
38445	0.31554585773276994
38447	0.8878651293689077
38448	0.8821992269659163
38456	0.8665110399314037
38465	0.8427856749079987
38471	0.7898962822269248
38472	0.7970023862662832
38481	0.3160379401319527
38492	0.7581976015781867
38495	0.5614831544529135
38499	0.31645720325437493
38524	0.7609187055940002
38545	0.3155462704164933
38559	0.8905281144418757
38563	0.8857704325036931
38594	0.8701238266928067
38601	0.8498524856816421
38607	0.8480313590525432
38621	0.8758247731069506
38628	0.8763935125930891
38659	0.9363994805645449
38660	0.8728932784013287
38665	0.815939628099996
38666	0.789746989843304
38671	0.8968366966258934
38680	0.8955521703088382
38713	0.8893725052918976
38714	0.8792408399714186
38719	0.8758781336648737
38740	0.8809184693582893
38755	0.844294273185266
38769	0.8686913638597333
38780	0.912747496195241
38784	0.7817062521426082
38803	0.9331668178759978
38834	0.860855678850345
38852	0.8356253407799953
38856	0.7717476618824854
38863	0.9187929041402751
38871	0.9141261213498566
38873	0.9277386798214459
38888	0.8876468053526951
38892	0.7825151503911707
38894	0.889425098242185
38916	0.4126185187047537
38918	0.38909826019369176
38921	0.7613693446848994
38930	0.779899843659226
38959	0.7614948887930089
38984	0.851991602257125
39001	0.4257630110203588
39072	0.39146380273939496
39114	0.3766472768869548
39141	0.3183325665933357
39153	0.7336969362241669
39158	0.9039835964136576
39182	0.9020299864833403
39186	0.8581621270695691
39205	0.8421903292520225
39226	0.7744721268062417
39270	0.7241167976751226
39281	0.9242139002954621
39284	0.8927305306114242
39288	0.7771104771537056
39294	0.9109459744004448
39296	0.9037773310258335
39317	0.7905937432462175
39323	0.8613375638185711
39376	0.913348024396639
39380	0.8785956767440798
39413	0.8948723729915918
39436	0.9435464279571623
39437	0.8279915908994627
39485	0.81423149748018
39501	0.33022608749132526
39515	0.8824009911461049
39526	0.8887548424212693
39550	0.8458992424980533
39553	0.7834370964836866
39555	0.7759162808047098
39558	0.35532658827583763
39599	0.31554585886783576
39601	0.4443393253241118
39602	0.37201881313383844
39603	0.3155458593771601
39605	0.31554585849675654
39617	0.31554590425834017
39658	0.42092597689066946
39659	0.3164812251753276
39679	0.8742551115795655
39683	0.8459236588786176
39688	0.7586642456252939
39711	0.851227528835449
39726	0.3436204537550028
39728	0.8613415567665496
39744	0.8595650560489102
39761	0.8680529038458131
39766	0.85678716390637
39768	0.8385141475631552
39772	0.8825962370728134
39780	0.8682177451002044
39781	0.8739016016874925
39793	0.9020544964971301
39798	0.8989351339136296
39800	0.9210358330290924
39804	0.9128496229067896
39811	0.8862698061895088
39818	0.853227226862656
39820	0.8798655334685845
39823	0.8407633462133598
39824	0.7984865619443777
39826	0.8496424103970242
39829	0.7907895097946139
39839	0.3155623838127142
39860	0.9210153375343818
39868	0.8738344738973359
39883	0.9193721970484383
39888	0.8303862614789272
39889	0.8913336816022256
39915	0.8480033988074398
39943	0.9682793165134506
39946	0.8495102957569244
39949	0.8642287437914403
39952	0.8967808490442598
39961	0.8581869219630411
39965	0.9153946096385734
39971	0.3833351892259495
39983	0.3756181376682795
39988	0.3896138386970306
39996	0.3155543471662198
40021	0.3155460222372712
40034	0.9095433784513436
40064	0.9101874840859935
40081	0.7611661614517803
40084	0.7828406480070159
40091	0.874850479277161
40106	0.9031207985309638
40110	0.9292553356760145
40116	0.8870517121348629
40130	0.9011428027868215
40134	0.8337548886669295
40155	0.8967911919843434
40157	0.9100032742947112
40162	0.37431201014964793
40167	0.8939313393564496
40197	0.885903504290436
40200	0.905077710995798
40203	0.8943623145047381
40205	0.9720759078379515
40208	0.8199660622652835
40210	0.9015953067398629
40217	0.8987166607623853
40225	0.8810060699175877
40226	0.9013470303677698
40229	0.8980623747833992
40231	0.9139194517330939
40232	0.8898952446729977
40233	0.8819470149787936
40235	0.3794939658101866
40249	0.8063177164696794
40267	0.7808287885697591
40281	0.9089921010233006
40335	0.8960471168524853
40342	0.8169889116075375
40349	0.3144714160330958
40364	0.899237707360226
40374	0.879189218940607
40376	0.8719693581674852
40426	0.7703747427981285
40458	0.8958251897979411
40464	0.8863741407131381
40482	0.31627199423412794
40524	0.7944077410930531
40528	0.884691081482027
40531	0.31554580550034134
40564	0.8373412171202151
40567	0.3155458775115337
40569	0.8578169355870928
40596	0.8762654790625942
40715	0.8981644713574964
40817	0.8068744627343822
40839	0.8687297702534439
40846	0.9310719082223299
40849	0.8076455261336594
40857	0.8158682426417226
40874	0.43169195674413746
40885	0.8823270731402226
40900	0.8457614293038676
40903	0.7581926697343555
40919	0.8659797216891926
40933	0.9093767117540923
40978	0.31578560364412106
40980	0.9053228036175228
40988	0.8705759046081243
40991	0.9059005222937412
40995	0.8995191560782108
40996	0.8084405412641379
41008	0.9115818945155074
41015	0.8836778272566889
41038	0.8410065737886151
41064	0.8750611759472335
41077	0.88968897802884
41078	0.8811565412634734
41083	0.8812048389502283
41086	0.34936808811434533
41271	0.31530407950311945
41329	0.3278477864812711
41339	0.315545778261188
41383	0.8816883341159772
41442	0.8711082200880842
41469	0.8864483774711999
41479	0.8994267377855723
41484	0.31556336426943693
41491	0.8813770430683067
41497	0.3155458494307824
41514	0.7609195050707904
41520	0.7698954299277627
41521	0.768335556729859
41531	0.31554619923719734
41536	0.8689264697943808
41540	0.7620373527530009
41554	0.31554585886298503
41590	0.31531341180052136
41610	0.31554658543847797
41658	0.31554593869594477
41676	0.41424978315267647
41682	0.3237210060957793
41685	0.36756628202253416
41703	0.8673949880792639
41767	0.8182036801482209
41791	0.9280141014129062
41815	0.8498925856250241
41852	0.902313813925693
41857	0.9269769624664785
41870	0.31554585978461963
41894	0.8996879661386048
41919	0.9175911148584902
41933	0.8871903270080604
41953	0.8674723918284964
41954	0.8753066647238924
41996	0.8954613256878877
42046	0.8989671424411682
42061	0.8998334270082499
42111	0.9069057198779646
42119	0.9033045887796212
42124	0.9264213942327043
42130	0.8749072802922204
42146	0.3155458520986721
42177	0.8661624049503969
42183	0.9057055882166539
42193	0.8836173061363004
42216	0.9056822899510676
42220	0.39553535663766565
42228	0.81959546227229
42245	0.8368524064244468
42270	0.5667534560253357
42294	0.3948873884833114
42311	0.7902797378754891
42333	0.7615374225187251
42334	0.8374770607012096
42337	0.8501022350999017
42342	0.876391918982564
42350	0.8684499284272241
42457	0.8303382520794773
42489	0.9150274134071066
42494	0.8981185557420979
42499	0.8823589038844456
42501	0.8756140937078254
42557	0.9038269541492713
42588	0.8895234145597426
42595	0.8909417645451796
42601	0.884225882104442
42605	0.9385726316047589
42614	0.8600779976125433
42637	0.8720973922800652
42644	0.7600521392177347
42645	0.8683429037685947
42647	0.8997053599035761
42650	0.8867879654370957
42653	0.8874837276533998
42661	0.31617744425642724
42673	0.8654669440746545
42706	0.8678022992549289
42711	0.8758921734341619
42736	0.887076043681387
42743	0.8801726335890365
42763	0.8985635351815932
42769	0.827462262546404
42772	0.31596986322307513
42780	0.8782330289928281
42783	0.8873646794758097
42784	0.661088547593626
42787	0.9010815971174782
42789	0.9012786286481779
42793	0.941572225263303
42794	0.9206518103351349
42796	0.9017900168500392
42797	0.9060090600847917
42869	0.3157088336326723
42879	0.8618788828998012
42891	0.36494011581311464
43055	0.8545273352632826
43097	0.8518910348688686
43115	0.7368054364149168
43140	0.8786027644222253
43151	0.8741326965616164
43159	0.31547281207102046
43161	0.3155458769634037
43174	0.8924433120072601
43175	0.9101153820689405
43181	0.31531062340472016
43193	0.3155458597530901
43198	0.8362609242098091
43202	0.8824834538641104
43210	0.9224775373688576
43267	0.894628151365503
43272	0.7599109214543796
43307	0.8864435680689515
43366	0.760723450843853
43435	0.6326300471231556
43442	0.827123971376183
43452	0.8390800366323342
43461	0.8576076662016032
43490	0.8828889119211984
43526	0.8515696493610806
43609	0.9061771383697333
43627	0.9135771912790754
43689	0.8888257160109583
43755	0.9180669053990373
43757	0.904209044473777
43760	0.8875133531127611
43769	0.34754242198611807
43807	0.6392806591318326
43832	0.8847636578013531
43887	0.9042245020348118
43919	0.8132544735407022
43920	0.8982671817135626
43935	0.9371520596431728
43967	0.8324491648751879
44018	0.3156470352310091
44032	0.31554617073443453
44111	0.8109165513873412
44234	0.31536475180553847
44252	0.8150449241949345
44255	0.8289980930987031
44294	0.41008088983072555
44296	0.31554598298291303
44311	0.4380529670028619
44315	0.860222048216316
44339	0.4140332664231219
44370	0.8005674132456934
44389	0.9024684175125012
44422	0.7719889931023743
44440	0.892074997823314
44458	0.7588467823005142
44500	0.867513291285049
44508	0.8951985267603444
44525	0.3155483862882459
44537	0.8834055054110281
44560	0.767141186482965
44592	0.8666341199038708
44597	0.8729252252933403
44619	0.3155459760100196
44662	0.7838666287935956
44666	0.315545862382174
44668	0.7905777775104127
44674	0.8196201548546191
44675	0.7582292513133728
44688	0.8370234426253232
44699	0.864120552918208
44701	0.5255854761415214
44713	0.9218992094800376
44714	0.8743900851714461
44747	0.7896768703981097
44753	0.9220881737004895
44755	0.8798675548994688
44770	0.8011657032550237
44783	0.8200453381599968
44807	0.3155458601338706
44817	0.8522471365672303
44853	0.877746769080907
44857	0.8719228289665714
44915	0.31587803927076624
44949	0.9107875763008649
44953	0.8744179256016253
44995	0.3155458615381508
45011	0.810045770065574
45037	0.34898228800681774
45051	0.3155456850378475
45070	0.8790902622422205
45083	0.8085024505942274
45168	0.8653303419932294
45183	0.8484457130639792
45196	0.904971227302728
45227	0.8956440879622823
45279	0.8219631316911526
45356	0.7949758428468494
45389	0.8870293118712316
45404	0.4220372653309136
45411	0.8579386505944538
45420	0.8529497241038367
45459	0.3769773012736696
45502	0.9118263186004658
45536	0.8900415788423649
45545	0.8055776800789128
45562	0.31556341135041327
45569	0.9123749376874772
45580	0.9170759901073978
45604	0.33224757307220076
45621	0.8676075289498858
45635	0.8835365928238741
45664	0.8828554169037548
45715	0.8645541878118078
45738	0.8789635825056498
45766	0.760404872273699
45767	0.3890643862486049
45812	0.8825897420857567
45813	0.9147718615762424
45850	0.3754287995527944
45867	0.8087613076905579
45870	0.3828970337412826
45886	0.3748365808090103
45887	0.6747241311680057
45891	0.8497933532536
45899	0.8913772714241871
45901	0.7953169241639775
45935	0.9038266219485027
45940	0.7905090303767224
45941	0.896117773889571
45959	0.7602246789684578
45961	0.9082168949710553
45995	0.8961278849221338
46016	0.8692518275909802
46121	0.7753812241845505
46139	0.38285361840658044
46212	0.7768367828291914
46238	0.8805799715939697
46246	0.3155462629294248
46342	0.8613238510888979
46346	0.9232189780445729
46367	0.8996189001290419
46396	0.8681148622844752
46442	0.8489183155564302
46489	0.8925328279585306
46593	0.8802532648978106
46615	0.8957977561505985
46623	0.8805032577197701
46649	0.8891673050323375
46657	0.8624735417827728
46693	0.8905733266463396
46696	0.8737395341118531
46739	0.9150807496071974
46751	0.8740865063354855
46771	0.9100147754141991
46844	0.867264019171651
46850	0.8944668323463415
46864	0.7798767387865351
46918	0.8929614145549162
46936	0.3155458573738175
46952	0.8862644043581098
47033	0.9227972039310901
47035	0.8787193229809761
47120	0.9098091836927653
47135	0.8613049205709803
47141	0.8947442531330384
47145	0.8979411309132236
47151	0.3523659724317365
47153	0.3155460487560943
47154	0.3843076792543149
47223	0.8106161334621882
47237	0.8849021251014471
47261	0.82138042202884
47369	0.40260170377089327
47458	0.31561940319454135
47459	0.3788854402021001
47506	0.3403217029092392
47585	0.7968989437952148
47617	0.31545518071107276
47620	0.8555831557262102
47648	0.3155462383387583
47658	0.3155458529135911
47743	0.31556732359715517
47779	0.38926863615008817
47824	0.4235626847591458
47844	0.3155748491196488
47847	0.8183588317535183
47858	0.8085004520974928
47861	0.8236034212532375
47873	0.864684449357584
47901	0.8878485500985199
47975	0.879285725318169
47979	0.8718596766036341
47989	0.3258190341850263
48001	0.4051401083944713
48017	0.3155458481938518
48018	0.3155526031691803
48022	0.8969240998559462
48024	0.8406905687812357
48032	0.8652630461454275
48035	0.9113770960910612
48037	0.9010241688912634
48088	0.8653255587629786
48095	0.8561134984472947
48112	0.8483774274824746
48115	0.9230367509561185
48132	0.7905089849522632
48181	0.3399225720968588
48244	0.3155462965812147
48249	0.6918417380600588
48279	0.7916545937579946
48310	0.7679578940350179
48322	0.37351488627068224
48359	0.31556185046519264
48487	0.3696231112040179
48491	0.4231092193762856
48496	0.31554599639027114
48497	0.35064694069838964
48574	0.41688510906886567
48587	0.8116377280344518
48596	0.42210212071938125
48623	0.8913121927503331
48624	0.3204549126641007
48650	0.8702361612206788
48668	0.870451905901774
48681	0.8949573001435582
48686	0.9285555570415792
48710	0.9041001385018278
48724	0.9221970374955286
48732	0.8957226045464968
48741	0.8291640140844164
48758	0.8664499917160567
48766	0.877886830112794
48776	0.8993626863268452
48792	0.8598661078258386
48795	0.8510903304515827
48796	0.8220016408980543
48798	0.9115072025596881
48799	0.9073316785739397
48806	0.8960437626118412
48819	0.8959048448579823
48834	0.9100643460287179
48835	0.9028507891950751
48836	0.893286963246296
48864	0.3155458665489325
48941	0.9229943676023643
48954	0.7998092189093452
48996	0.8478358852152978
49003	0.3461935214223671
49036	0.4700028182255724
49049	0.3155458643176067
49050	0.38045318113027743
49053	0.31554603971922446
49067	0.8952852128228536
49093	0.8771640453612414
49119	0.3449221822146424
49142	0.3846804093510396
49164	0.8690509759818498
49170	0.33982544154468475
49192	0.3154999329737861
49194	0.3155463130930263
49210	0.822635820889368
49223	0.7965160701322259
49224	0.8092336025413769
49225	0.918566752416984
49305	0.31555393947630084
49335	0.31519874557347466
49370	0.3698823786339034
49395	0.33359056279788624
49485	0.4202898386295463
49530	0.40751106236142404
49539	0.31612679571019914
49557	0.3155458605292034
49581	0.41910533181322734
49631	0.31554586886514585
49636	0.3155460341578872
49656	0.854755810982823
49684	0.3155458713559846
49693	0.3159634603121663
49745	0.3155461535241209
49764	0.31554584737165675
49797	0.31554603027246975
49801	0.3828175571776112
49813	0.3748787334582195
49822	0.4139989549441322
49823	0.31557199437343203
49827	0.31554600329040394
49847	0.39809607748150017
49884	0.3609205700224889
49888	0.3153882713167882
49916	0.4039269875982196
49944	0.3155630356848715
49954	0.3155458977486894
49967	0.31554591310360697
49975	0.3687380626996234
49996	0.9028984172585052
50003	0.8197146640572646
50010	0.31554528675830296
50039	0.8598627599226453
50044	0.8744862756781495
50111	0.3155590171445551
50125	0.8658581344131119
50160	0.8522922206741851
50189	0.8619579953450422
50194	0.40257200514102004
50200	0.3848864161718496
50209	0.8318092437575456
50232	0.3155654372948817
50260	0.350888976054394
50305	0.3977053009084741
50316	0.31554742536775143
50322	0.8578495136993705
50326	0.7608322125581579
50328	0.8260694203654864
50350	0.7363394085945358
50382	0.9131341390478783
50399	0.7990948786955102
50422	0.4292300401797285
50483	0.9265537717351207
50520	0.896253164183987
50547	0.8168173983200815
50552	0.8843157132498972
50644	0.8881348240757192
50690	0.8598702614777884
50726	0.7206554197220737
50734	0.3721195628262707
50780	0.7056168517441581
50782	0.3619660373879499
50795	0.8874770219442915
50809	0.8943641862839905
50812	0.913341411450054
50820	0.8818070581279972
50822	0.8655171932572049
50825	0.8759282517643038
50857	0.8775840843083995
50861	0.8538315872789572
50893	0.8418233851531051
50914	0.38384155790984953
50927	0.8917693712074206
50944	0.8598972782237166
50952	0.9134893192353263
50996	0.7432164381016708
51006	0.8608405061301868
51024	0.8478789561982066
51038	0.8034578832446193
51060	0.8598514571534768
51061	0.315545966653003
51063	0.9181547293067812
51069	0.8487581326920314
51080	0.8698090056681755
51090	0.8849594469564762
51096	0.9450423093770304
51109	0.8785193578363907
51110	0.8756549822163292
51138	0.971949656132746
51143	0.8611407087275408
51163	0.8845659247660469
51275	0.8663013970243856
51302	0.7811152612174246
51342	0.3155462350330005
51388	0.9057786479697114
51449	0.8212423905940048
51513	0.8611133648377074
51514	0.8319307892835786
51541	0.8735686083155263
51554	0.8143567909909891
51606	0.7871856342430371
51641	0.8503531934020212
51678	0.7893265668291772
51708	0.8695509575414718
51717	0.9263758187999154
51739	0.8614888974991527
51740	0.8732428572525897
51762	0.8855352710405604
51771	0.8485809635464253
51777	0.3152016091310033
51781	0.8599045821998028
51802	0.8539137608316797
51818	0.32458813629414207
51819	0.35179317744045774
51846	0.4050103319413688
51848	0.4245985255929313
51865	0.3870954661314773
51870	0.31561181822661566
52015	0.4181600756485007
52048	0.40888887697720894
52071	0.3155461943719368
52140	0.31554582640446943
52141	0.8254629201804173
52151	0.7902605476651929
52169	0.7584078175745809
52204	0.8894806485287476
52225	0.8895958584547279
52227	0.31491960379664846
52232	0.4080901857446029
52238	0.42922931499153805
52239	0.7902304676483675
52269	0.5475452374765214
52279	0.31528866136379236
52310	0.8688873790845494
52314	0.8634461719966127
52317	0.8114610238874598
52321	0.8237962638964413
52331	0.8941064065930675
52361	0.8960923836346953
52367	0.760919214746188
52368	0.8654669586704362
52381	0.8966266036580177
52396	0.8680885314044691
52411	0.34941012362379603
52415	0.9108028974745302
52430	0.8688932002790974
52449	0.861904186118415
52452	0.8987727364752627
52467	0.9145448521822117
52472	0.8852783188877761
52505	0.8749201119755899
52515	0.922541092726228
52516	0.893249930017814
52527	0.8860940624221573
52532	0.3155458591855571
52560	0.8660906043636434
52567	0.8832111485367174
52568	0.8043086344607718
52573	0.8763056733231515
52576	0.9119765084233593
52591	0.9166460125145794
52609	0.8881859982228876
52632	0.890832130755956
52646	0.8360792856529612
52656	0.3155462307158699
52672	0.8830716837175336
52676	0.9094316959969331
52677	0.9050686693213172
52679	0.9005487160303602
52682	0.8879191501858632
52699	0.8702975630065904
52707	0.8336485539294146
52708	0.9031954105883386
52710	0.9065203833211147
52720	0.8776829132172971
52722	0.8364039528687496
52727	0.8837044908225344
52774	0.9206949142689064
52805	0.7245895788458449
52835	0.31554585929227275
52840	0.688360653795886
52881	0.9076645810315028
52891	0.8458146802236528
52905	0.9112724500137037
52924	0.7618270743401157
52953	0.315921560537665
52963	0.9050412795583341
52971	0.8653584046440644
52986	0.9346257674326384
53001	0.8526331687180982
53031	0.9123598906321978
53154	0.9216008995490865
53180	0.9657224593340876
53195	0.8063918855700595
53200	0.9069166126094713
53239	0.3676556930384286
53248	0.3764572808941353
53281	0.8958830914775548
53283	0.8933109554590847
53308	0.8603592987501489
53318	0.9104107512966952
53353	0.7905089970014229
53378	0.7903541166501676
53382	0.9337823357342422
53385	0.8851634337749356
53393	0.3155458651761821
53413	0.3155458381116542
53415	0.31585747456129665
53421	0.31554586130531675
53433	0.3164622744154038
53439	0.3155458608153952
53466	0.3155461715056972
53475	0.348974814580933
53486	0.35590205772462663
53493	0.3150391872111109
53510	0.3155610484999889
53529	0.38546566237981733
53534	0.3155459968729167
53538	0.3618202393140305
53559	0.40412996022327885
53563	0.33312552755614855
53601	0.387380059328495
53602	0.3146897624474548
53605	0.31554605762318944
53613	0.31554586836067217
53633	0.33344759823863285
53643	0.315546062454495
53649	0.731186489776865
53719	0.3155463695455713
53741	0.31554607640270715
53760	0.3657914079729982
53784	0.3155461406066843
53792	0.36651231487221153
53847	0.31554586337656926
53848	0.3155460653867483
53869	0.36248625210869306
53876	0.3371082761464898
53888	0.3155864848608486
53909	0.3934228997959687
53936	0.859062941666735
53950	0.854162151057176
53959	0.7608643073579718
53962	0.9125056068164569
53971	0.7581976005498365
53978	0.3155458593262277
53984	0.3156308102709191
53999	0.3156537732822159
54009	0.3798499801497143
54012	0.3155458576406065
54020	0.37643691093575954
