0	0.9020406869497414
1	0.3155458620862808
17	0.7609287631935839
25	0.35190232238740976
31	0.9066917684674054
44	0.8604661521690683
51	0.3924287775190673
52	0.87415632989474
64	0.8774894753169797
66	0.8653335405940419
81	0.8735939983351428
83	0.8670300228123092
85	0.904938953642741
86	0.8823938045644392
90	0.8423598647795223
96	0.8946021391988707
103	0.8941072249488149
109	0.8827088007336009
116	0.8955915024699589
159	0.31740178208800085
166	0.8953122255742234
167	0.8894085699357656
168	0.800569031529347
205	0.8876330303544773
211	0.9041244751585735
258	0.8580525076893751
275	0.3891922705470541
284	0.3155462938526912
333	0.31554629532488127
443	0.3480116398700646
444	0.31522784901899487
547	0.8504156220465326
650	0.31554586657803685
825	0.860339043675952
835	0.8560481371420617
887	0.8500845444521697
894	0.8780140591241874
899	0.8891681376661454
1074	0.8562344051422999
1076	0.8804184728099783
1094	0.884081227427393
1096	0.7640874118273709
1120	0.8553734947187737
1128	0.7766772063009244
1129	0.9088124771572774
1190	0.7901877392976758
1211	0.8115646214890352
1245	0.9100723903708613
1250	0.8972792667548783
1315	0.9404139240283401
1374	0.8895908006913558
1383	0.9035255798293348
1422	0.8918637862117332
1455	0.7746139271590854
1477	0.9297638249489812
1490	0.8994183622200781
1491	0.8953243076630633
1496	0.9043578402273139
1599	0.9417001022371824
1646	0.903402398047773
1655	0.8737519136679636
1707	0.863349053415987
1717	0.8959022620764366
1783	0.8806809715344512
1825	0.8753470863686849
1860	0.8862512691610611
1875	0.9080013496613537
1901	0.8764520092169455
1936	0.88766243357378
1937	0.8962445919222648
1940	0.9167765373762138
1942	0.8497933547112377
1946	0.9078125612063225
1974	0.8966916902603544
1977	0.8857120107796259
1988	0.31555505357004165
1997	0.8729644432154265
2020	0.9395745293369072
2156	0.4078869968822367
2473	0.8526747326877545
2504	0.8728197158432354
2516	0.8995142764231517
2544	0.8836226373583617
2551	0.9058319166649179
2585	0.8566029043589456
2726	0.7891922721715564
2729	0.878309801669741
2757	0.8850738432852538
2760	0.9025657681728475
2772	0.906004539289995
2776	0.9114208063003304
2815	0.8540158203245359
2817	0.8713108114256307
2819	0.8795713937207978
2884	0.36484560170882835
2914	0.31554625074444514
3066	0.7903216773845687
3137	0.8693575438558909
3144	0.8375936603794161
3147	0.8841518839818335
3226	0.8946245918428771
3380	0.8930574184015075
3382	0.8620682091407519
3456	0.9098568758874118
3462	0.8292995702633602
3464	0.4206843754353873
3468	0.894674540446427
3521	0.8357944706985302
3607	0.7669343128357032
3672	0.3495494094154577
3677	0.8210243211478226
3776	0.3738874310000086
3842	0.7669100201191001
3925	0.9011759150591145
3929	0.8445148509424923
3930	0.8872341541800373
3938	0.9152806684105395
4015	0.7816441860254946
4061	0.8052142766745964
4113	0.8493012398971959
4115	0.3155462606156369
4130	0.8874034568080468
4139	0.3155458763667665
4141	0.9020679393188329
4148	0.8994139816689642
4161	0.8818411517543938
4165	0.88994741914054
4220	0.38294747788593236
4354	0.8575484931343257
4377	0.9046276447590156
4378	0.9175623453284641
4415	0.8563043232442877
4458	0.8860790592488117
4466	0.8846724991285598
4485	0.31554593903064365
4565	0.3155559921360461
4568	0.8694323847575641
4655	0.8922574131338087
4662	0.8599200440706921
4701	0.7779764859119296
4761	0.9305058905438921
4789	0.8962379346183764
4806	0.7902260658487252
4817	0.791065005524302
4869	0.8946594331259458
5011	0.8247968010752027
5056	0.863731874116516
5074	0.9030029273414004
5140	0.917340491439581
5142	0.8988360584213927
5258	0.8857145183266836
5293	0.9096210996236613
5308	0.8262090862586626
5346	0.8417259364890449
5385	0.8883046086507181
5394	0.7785482213193038
5432	0.774337787514827
5461	0.8543087380090878
5470	0.8707074333772312
5527	0.8476555347907591
5696	0.8192483237130139
5885	0.38002769320040897
5971	0.3147286889438275
6012	0.7194228928201939
6080	0.8745949067531744
6109	0.8566517207562092
6155	0.885398515812568
6179	0.8422685148457199
6231	0.9321042357752932
6235	0.8680449979331877
6238	0.35277435679996844
6241	0.7642048192528257
6243	0.8498012747661037
6252	0.853604618456252
6255	0.8839630554599506
6263	0.8167487786411812
6291	0.928258657022399
6301	0.8956207650842011
6336	0.8008718033650687
6497	0.8570516686680038
6662	0.8995804431472929
6663	0.8486609191927428
6755	0.7890941791030047
6815	0.9120458682088038
6861	0.8959025782213601
6905	0.8448333485203671
6907	0.3153526893547918
6984	0.338493144417551
7017	0.3155467321748341
7189	0.889580162141823
7212	0.8703925502392781
7427	0.8944084413709154
7664	0.8916458446278005
7687	0.8597902969886293
8053	0.8497933480948716
8072	0.9097066864792539
8082	0.7394013422120886
8084	0.8773095958598518
8096	0.8055528781737417
8156	0.9121973962839518
8196	0.9139142062764087
8234	0.35967920084177546
8241	0.3155458651228243
8358	0.8974141840639887
8435	0.8008679453710753
8458	0.9125404684506727
8582	0.8537260900720403
8829	0.8575629521212413
8870	0.8657552599357502
8884	0.31554599594643135
9074	0.9180905146774976
9075	0.8997114846409071
9124	0.8427656204008954
9151	0.8832034887150845
9182	0.3165170474632491
9199	0.8840296723128588
9219	0.7401633998175755
9222	0.9456984987085302
9266	0.8994599361385375
9378	0.8186596864534382
9418	0.7737681417004924
9432	0.8879257368076533
9438	0.8964557366231732
9447	0.8937965345983273
9549	0.8985364761835688
9551	0.8820443969747163
9577	0.8500567372129634
9715	0.9080778756385107
9753	0.8582127260949146
9767	0.8781077617340531
9770	0.865283980413397
9886	0.9159871391793754
9934	0.7798264238841615
9969	0.8771735716772802
9981	0.9046067277256133
10202	0.31554585713855815
10208	0.7848751245103184
10211	0.9169825335933749
10213	0.8319532267303155
10216	0.8964685878840023
10241	0.7511950805300698
10282	0.706422572807786
10314	0.31499098131673736
10319	0.8872943362310539
10338	0.8987578398380269
10339	0.9074546015216981
10342	0.9024833932502395
10371	0.3155458830073864
10441	0.3999879562943311
10453	0.3585898252198952
10475	0.35351880197297186
10847	0.3159325497036811
10998	0.877498548785429
11053	0.7299073307396126
11082	0.31596187829483435
11088	0.89199898794941
11132	0.7577334263864611
11143	0.8939491615626708
11152	0.9031717147514113
11340	0.8757056845132575
11545	0.3959328764060747
11597	0.758248453121713
11628	0.38891111599543293
11684	0.3155458529208672
11794	0.8852160759332351
11802	0.8682852893236822
11932	0.8829761741266043
11964	0.876894926627552
11983	0.9038278477831634
11992	0.897493298679922
12051	0.9307232944267922
12053	0.8951072491481799
12312	0.832155176297305
12422	0.8323262449494211
12482	0.31554669629899434
12509	0.8350655428012079
12622	0.3558521263532184
12665	0.3155458863786288
12788	0.8071230460059486
12919	0.4034956451979431
12974	0.8469040874988313
13173	0.8861395891320051
13400	0.3977545461301937
13640	0.31556054051439647
13731	0.8902007671369044
14010	0.8697157306506854
14032	0.8627635205928457
14142	0.7277857914411034
14143	0.8473345315915579
14430	0.8663910720910201
14436	0.8677090444673182
14710	0.4097616227097824
14743	0.35074409221532565
14782	0.3157301166617291
14785	0.9128908423087961
14863	0.8824830621597011
14902	0.9037963614610689
14972	0.8408967563103386
15001	0.8535934563649049
15144	0.3565690884089291
15353	0.8867702280794669
15401	0.9111172264408703
15402	0.7684985840521216
15429	0.783482826494002
15435	0.3591807216168978
15475	0.33710945373115353
15497	0.8954119225683318
15533	0.3535639342401857
15579	0.3155487618786016
15689	0.8501538742869149
15727	0.3157881887297534
15728	0.8491606627935855
15731	0.8749640388684313
15734	0.8874840486611586
15759	0.85534383319682
15761	0.8018007249533956
15765	0.3156133627431205
15767	0.37709543649214494
15776	0.8179016203407175
15785	0.37970009950855227
15799	0.8959022642859343
15809	0.8749285386748273
15824	0.8873634676863754
15837	0.8988732664209004
15852	0.8105786776593884
15856	0.31554591077041627
15864	0.8893631879831848
15875	0.8922285755968501
15887	0.9137379367407676
15892	0.8444561795718636
15893	0.8720435414367846
15916	0.7587979683746864
15922	0.8309076812708738
15923	0.9300070871776979
15924	0.8894450315664646
15939	0.8384136186094874
15941	0.9008160904274605
15942	0.8848931548172682
16015	0.6541710274670498
16068	0.35983775262877676
16081	0.7835078503700176
16082	0.31542595376166455
16119	0.8462004391462404
16155	0.3150034356368173
16221	0.7909851308557116
16239	0.9094629600498646
16242	0.8944747727038478
16298	0.391983212232833
16347	0.39501089052077204
16351	0.9262155058128371
16352	0.8625706789076567
16353	0.31618537836622085
16386	0.8795086481091675
16433	0.8685203708641172
16440	0.3155458271223743
16514	0.35238917668574216
16523	0.8651788094869591
16536	0.3619083443179041
16560	0.3155458607305078
16582	0.3165960395793909
16594	0.34468030263671473
16596	0.31756564332465853
16629	0.775142958995612
16642	0.3155636173745535
16645	0.31554586610024205
16673	0.3155459429063598
16694	0.31486258709726306
16726	0.3240060039874035
16809	0.8059881309920431
16820	0.3185789032471538
16826	0.8711756936512919
16833	0.7041762880921427
16872	0.3436535655106952
16887	0.3766831559621202
16932	0.31567126577850724
16935	0.31554604942306674
16938	0.4111100942599
17028	0.8887831832238541
17054	0.7905090311673879
17126	0.834633433513626
17142	0.4112947083480309
17144	0.8197972001325343
17177	0.8858776646610781
17199	0.8228280941927937
17281	0.8769121889383242
17297	0.8615464508760708
17331	0.9020496756738886
17336	0.315576396110015
17338	0.8812450745363964
17339	0.34018232588060227
17385	0.8816670053204863
17393	0.8867959305065363
17418	0.31554586078871627
17419	0.3568300359423222
17443	0.8758655161596852
17461	0.8658388219164554
17468	0.3729795399395351
17470	0.3738598197633787
17471	0.4528525188245587
17475	0.3664561982678619
17480	0.3155458589575738
17487	0.9047096948272527
17488	0.9180247995761422
17575	0.8478033024948471
17583	0.8886270835863944
17656	0.31530653817201326
17767	0.9244574780166822
17862	0.8342902073587399
17881	0.8101215860518104
17932	0.8861695646694213
18273	0.8874729898462451
18279	0.8908226353898626
18313	0.9073669896190181
18358	0.8929849544439921
18380	0.9019984924849997
18386	0.31528452566431464
18408	0.8738210062036256
18409	0.872094707012751
18411	0.7811899242557455
18453	0.8059873614514
18468	0.8922710464088777
18492	0.3294299229563738
18586	0.9033028614180864
18633	0.826807526152459
18716	0.8927279560663814
18738	0.8941404607419734
18741	0.7786798960049972
18747	0.8924312876806567
18795	0.3945668478088629
18904	0.8758598313767605
18905	0.8173981471247317
18907	0.3155576221365862
18926	0.8670485978848631
18943	0.4201264045026189
18979	0.8219086489291042
19050	0.8915861652775293
19120	0.9239715960040543
19141	0.9238842522824927
19182	0.9299545893910343
19193	0.9099332859011071
19201	0.8696686151082601
19205	0.8890207384994832
19241	0.9014979805586167
19242	0.891765392918283
19253	0.8756048408577521
19264	0.858113426579984
19369	0.894141051521883
19452	0.7986972260370924
19579	0.7869187827886887
19593	0.914089546603062
19689	0.3157483887275032
19766	0.3696320772826328
19782	0.7922370994092109
19812	0.889572993236139
19830	0.40664038327076296
20114	0.8722376959953217
20177	0.920069966332679
20185	0.8801573711137946
20345	0.3829440000080059
20410	0.8801920556704729
20412	0.8524434442412591
20413	0.8488417069207757
20415	0.8342153416602451
20416	0.7959331942943431
20449	0.783846101851742
20527	0.8362019066053125
20585	0.8091683602118959
20593	0.3535560475218137
20609	0.8173202433571954
20666	0.7975711339258654
20668	0.7292934403619652
20673	0.7895668123707753
20758	0.8291170471410193
20764	0.8911734160599267
20768	0.8793392030425297
20878	0.8691383676526646
20963	0.888358847783509
20989	0.8898382851101073
21013	0.8804385304457889
21014	0.89522170328285
21015	0.892113875017086
21017	0.9193646022311491
21019	0.9154110260245967
21020	0.8860184049740506
21172	0.8075954837950193
21173	0.3155818396575067
21240	0.7613866058460537
21256	0.8263001503959988
21323	0.8714579034187546
21442	0.8496352362671271
21504	0.8099837159515384
21524	0.8872952201441262
21561	0.9135610321673527
21618	0.9272957055484098
21817	0.8035020905350883
21863	0.31555933158445476
21869	0.31554589172896014
22015	0.8514024613387887
22079	0.8973035037247145
22082	0.9088933027442017
22092	0.9029187956086064
22160	0.8092243659266246
22175	0.8953368096316523
22238	0.839765169040082
22269	0.7849150281115744
22329	0.8657608250516973
22357	0.8651502427335239
22380	0.9040819797922597
22392	0.8830572046753639
22547	0.8792853875342349
22552	0.6183239392532743
22600	0.8371908431644287
22637	0.8047153668474785
22675	0.3415667486965538
22711	0.8938464002862925
22721	0.8702313297113264
22746	0.8091891962724218
22751	0.9015034370793282
22836	0.35133172400307516
22845	0.8097378281944078
22856	0.8275076916211922
22862	0.883951012516328
22943	0.7759543580075164
23006	0.857701482621216
23021	0.7915937267044819
23045	0.8023829291209545
23091	0.8929198219321249
23108	0.7903706789091208
23225	0.8004267070768575
23260	0.8660018670820493
23336	0.8630437648944731
23347	0.8597036215370452
23471	0.883833934201741
23475	0.8006893488584241
23506	0.3565690948288417
23567	0.7788039932268108
23586	0.8899330832549032
23613	0.9026005970162742
23678	0.8633182361569608
23755	0.8671960966608233
23769	0.8820697235955733
23774	0.8908147062229408
23777	0.9050859001582678
23844	0.880424885456259
23862	0.821106179147408
23916	0.9976878447832799
23936	0.9049149785844829
23938	0.8915025032194325
24016	0.9186109438165322
24028	0.9595522932921675
24029	0.8960360307159564
24082	0.9043779027865934
24178	0.8706136751418664
24199	0.8533119565859375
24207	0.9168205672301926
24216	0.87400523031905
24227	0.9036615714951822
24234	0.9132182231636924
24252	0.9090302260831968
24273	0.9053416654712366
24277	0.37971478713361123
24473	0.8654696866991708
24643	0.9117435537706361
24936	0.8959022638833254
24975	0.9297238079769671
24986	0.8868844692340808
25158	0.8816579528483285
25256	0.8655532193112618
25380	0.8888074342316404
25564	0.8959678487989422
25594	0.8871263392124564
25596	0.8768702677503704
25622	0.8918332662841577
25623	0.8960463073759595
25635	0.8803002417148249
25660	0.881528806710835
25786	0.847609466082151
25920	0.8857484949006346
26042	0.8012565200668624
26046	0.8469576965173176
26056	0.8707848434178326
26153	0.899138057529556
26179	0.9005343098894876
26206	0.8583497458247629
26263	0.8539184399196452
26439	0.8963894201382594
26448	0.8945551943383236
26499	0.8681809310776631
26734	0.8144494890312605
26845	0.3898193666146707
26865	0.84800477509895
26935	0.7705294005067161
26937	0.889342256979742
26978	0.8683958283787968
27074	0.9094614529929559
27082	0.919089500847081
27100	0.8884779712489447
27202	0.44277154738260355
27482	0.3479465555208818
27490	0.38099085440690506
27517	0.7919793449613748
27629	0.7364704762844012
27646	0.3159884130695197
27692	0.3155460094677812
27750	0.3155458743221929
27752	0.3155458634905609
28169	0.9082921626841401
28181	0.8858318056170671
28196	0.8675180688108668
28212	0.9091347566942903
28392	0.8787349654946734
28499	0.8377911661396282
28511	0.8582901104219104
28558	0.8959914092477459
28614	0.8375340615969868
28615	0.8478102140971262
28740	0.888132382001099
28819	0.8736449138764911
28914	0.897155510790106
28928	0.7237567531584289
29141	0.884635601421596
29149	0.8259818829502853
29183	0.8633052832204317
29193	0.8974662783808497
29288	0.31554593305699624
29379	0.8767456622713248
29414	0.88281648645648
29434	0.9057196191722049
29488	0.8900843658623754
29500	0.8417315639317451
29512	0.4282160738170311
29596	0.3437792786659944
29608	0.3165482537709218
29694	0.31570000180711544
29726	0.31415220965029855
29727	0.7570778688645884
29730	0.7989968816297549
29820	0.9434706206512687
29851	0.8909202482504037
29915	0.8583535248686255
29967	0.9142899703093713
29997	0.8579211895574322
29999	0.879326252368856
30011	0.8993230808913621
30148	0.8946517757927259
30157	0.8897943030404574
30202	0.408924757337812
30208	0.352501932109587
30215	0.8491356784071876
30216	0.9262354494836778
30240	0.3314698207448415
30279	0.8855315141644357
30313	0.8254781329286214
30335	0.9045083782752914
30357	0.8697267064360221
30391	0.3498573214377895
30399	0.31556746522086465
30575	0.3155458614896437
30594	0.3150952387383559
30640	0.3154416389591711
30723	0.8678879737725246
30865	0.8903410220807128
30909	0.9390645865418755
30939	0.9098747238945514
30959	0.8551833453902091
31161	0.315545856185394
31286	0.3155458529257179
31442	0.31554585111397826
31465	0.9247469253079507
31491	0.8071338927769927
31558	0.874320018940949
31559	0.8118836581649463
31572	0.3155535773563624
31573	0.894408513207482
31581	0.3564185785629704
31593	0.9200209107833613
31594	0.8696821527807159
31597	0.8981771871792693
31599	0.9280936406404547
31624	0.315545849030599
31735	0.31554586978920585
31868	0.7616246211847011
31888	0.3473168676979087
31907	0.8600231050020107
31908	0.39767093673138787
31925	0.9285859502953288
31938	0.87986233670134
32011	0.365289895561317
32074	0.3155533367927526
32150	0.31554610269597233
32165	0.3155458600344312
32197	0.8731701561730421
32341	0.8467728513147571
32359	0.8452976117160708
32392	0.3155458434377322
32447	0.8020530230502951
32476	0.38300762044490627
32536	0.8761637137555044
32654	0.31562990829865917
32709	0.41274137691738233
33149	0.8435784183158874
33183	0.31555145606394314
33223	0.8542224218227998
33230	0.8618622683477855
33289	0.9240798936559319
33386	0.4431629248080353
33428	0.8666100722668874
33474	0.8760242403408649
33485	0.8903303036860934
33494	0.8060242511983512
33612	0.3687496689194115
33618	0.31581409366419916
33712	0.8892556035527994
33735	0.8734545715333865
33743	0.8361731352053381
33762	0.8921279849251932
33800	0.8902265511989716
33845	0.9310494074253405
33873	0.8991155372302932
33875	0.9650737282360535
33915	0.9271259079880642
33920	0.9168934187253587
33923	0.8992306635737158
33967	0.41632906213807686
34051	0.7871918952173658
34081	0.7859594878927254
34092	0.8730608406873074
34117	0.7588613787492317
34214	0.8180392421356488
34253	0.8704366675806348
34331	0.8612950833245295
34385	0.8775382509610165
34420	0.3158914267555869
34421	0.3153698195928996
34480	0.8513868570292711
34527	0.31556295610899926
34546	0.39844247385812886
34620	0.3601012811465282
34686	0.7693671975073922
34755	0.9258290475854397
34763	0.8860642596039171
34881	0.3163886000484805
34952	0.9043081145865781
34973	0.8460250707485372
35075	0.9004669283539207
35202	0.82704235221093
35203	0.35202473691543734
35205	0.8272940412722786
35211	0.39979655261379077
35268	0.8590729875009255
35435	0.84351923148715
35439	0.7905161099711623
35465	0.7813819437749553
35499	0.8914352635331331
35508	0.9111930049262794
35571	0.9672091326977494
35593	0.8616492937995738
35601	0.901369858677318
35611	0.8553466815376765
35632	0.8930799853039516
35748	0.7608719346313514
35845	0.9474773875027032
35847	0.8546230497020552
35848	0.895207507825223
35862	0.8865572222053802
35863	0.8908915662926427
35880	0.8648390582365153
35954	0.901632853854824
35960	0.892470443222632
36049	0.8870548088586708
36062	0.9034515778455623
36072	0.7522410302208753
36168	0.9142627491448871
36176	0.8955166061343895
36241	0.9108150668542938
36253	0.8671539847163343
36257	0.8948886606446631
36265	0.8766175713617996
36305	0.3812302360057975
36435	0.8727181882135838
36438	0.9055364257765443
36485	0.8922190798742295
36509	0.8418390573434368
36514	0.8817731765478952
36518	0.9030234619546496
36535	0.8576411543261903
36567	0.9011117122655598
36572	0.9276092210266882
36624	0.8594445895799508
36642	0.9288143995008968
36682	0.8853012492052978
36686	0.9025338843157925
36695	0.8261385220204801
36731	0.8706267821805521
36732	0.8485416161540799
36747	0.8967321995720009
36795	0.826154372003829
36830	0.8923623612017226
36856	0.8797120038359048
36857	0.758513191355221
36871	0.8516811574883051
36893	0.8884843363388799
36936	0.9116296790773446
36943	0.8975774477976548
36955	0.9133773310262098
37052	0.8736900867829402
37244	0.31554605771292754
37293	0.31591500216882623
37424	0.7807811326972176
37440	0.832797826190691
37539	0.8459700946888417
37982	0.7628645545047789
38016	0.3155462091568962
38026	0.3155461082718617
38027	0.8226724081073341
38094	0.7618535285784885
38126	0.7968966538679162
38143	0.8118036180677947
38162	0.8324352135803967
38198	0.8369195084306628
38214	0.7671769855650973
38235	0.3155546346628593
38276	0.856960543964722
38281	0.9148148158001733
38282	0.9051097548825761
38284	0.8926353101251443
38293	0.8898979783309794
38295	0.8826188122457155
38303	0.8676280405198443
38304	0.8914666564499855
38314	0.8966877741112175
38322	0.8101136706851542
38330	0.31616321043212187
38381	0.8038231527577099
38382	0.3155458482108293
38419	0.31557039670771453
38428	0.8462018242563387
38447	0.8878651293689077
38465	0.8427856749079987
38470	0.3645455481276636
38481	0.3160379401319527
38495	0.5614831544529135
38529	0.9446571029816657
38563	0.8857704325036931
38582	0.8027106250948497
38595	0.876846388629424
38605	0.888565921141714
38607	0.8480313590525432
38610	0.9106840020384733
38620	0.31554596702650756
38639	0.884256881371751
38663	0.8560076310803901
38664	0.8150784123583271
38719	0.8758781336648737
38734	0.8824557183668821
38755	0.844294273185266
38768	0.9159461797316856
38784	0.7817062521426082
38787	0.7346230990302676
38789	0.913919986412135
38793	0.8751365581588662
38834	0.860855678850345
38836	0.7151483656274661
38845	0.33605745949007854
38851	0.7947069665103378
38855	0.8457188056435913
38863	0.9187929041402751
38893	0.9199660375077526
38910	0.4137046892113201
38920	0.8744160157903933
38964	0.7385981988173599
38984	0.851991602257125
39045	0.31662989737646935
39146	0.7905090290791578
39158	0.9039835964136576
39186	0.8581621270695691
39226	0.7744721268062417
39252	0.8434806614232598
39291	0.9104212465247709
39294	0.9109459744004448
39317	0.7905937432462175
39448	0.8846912389481503
39451	0.8988364896154196
39553	0.7834370964836866
39568	0.31554638590458556
39679	0.8742551115795655
39688	0.7586642456252939
39691	0.8691190056666552
39698	0.9150122362825052
39727	0.37200677670471743
39728	0.8613415567665496
39766	0.85678716390637
39780	0.8682177451002044
39784	0.8685338927620689
39795	0.9097041880030211
39800	0.9210358330290924
39811	0.8862698061895088
39820	0.8798655334685845
39825	0.8747770440259113
39826	0.8496424103970242
39915	0.8480033988074398
39943	0.9682793165134506
39958	0.898934195122067
39962	0.8262656560089201
39971	0.3833351892259495
39983	0.3756181376682795
39996	0.3155543471662198
40020	0.3155460247669157
40021	0.3155460222372712
40034	0.9095433784513436
40089	0.8945513206910943
40091	0.874850479277161
40134	0.8337548886669295
40140	0.87688134529872
40166	0.8788302586154616
40198	0.3155923521080225
40201	0.8804184635281478
40214	0.8779684917629771
40217	0.8987166607623853
40225	0.8810060699175877
40226	0.9013470303677698
40229	0.8980623747833992
40231	0.9139194517330939
40233	0.8819470149787936
40237	0.7852400995417492
40249	0.8063177164696794
40258	0.789896333450406
40261	0.8754134796112092
40281	0.9089921010233006
40508	0.8862178490191533
40817	0.8068744627343822
40839	0.8687297702534439
40917	0.9046790935726993
40930	0.3154872278769296
40977	0.8334249425027395
40980	0.9053228036175228
40991	0.9059005222937412
41018	0.9348760590824923
41027	0.8914226385190479
41039	0.9065697694219601
41083	0.8812048389502283
41168	0.39080495744128557
41229	0.31554586011446784
41239	0.3625283961527454
41388	0.857076176178828
41420	0.8086876990507341
41469	0.8864483774711999
41501	0.7965447230269671
41565	0.3148707393652441
41587	0.31651478765642443
41592	0.31560123691544256
41703	0.8673949880792639
41726	0.8093390266966244
41755	0.834958838551275
41776	0.9090571650067841
41805	0.9451997165763121
41860	0.8973738752515258
41897	0.8886716636877632
42048	0.840820584114752
42130	0.8749072802922204
42133	0.7904038773105931
42146	0.3155458520986721
42185	0.33270111305895705
42243	0.9081301983097483
42299	0.8694535115137718
42324	0.9081532371934012
42327	0.31548973103409605
42335	0.8866500831348667
42499	0.8823589038844456
42568	0.8712129581081951
42644	0.7600521392177347
42647	0.8997053599035761
42653	0.8874837276533998
42680	0.8842288014911996
42698	0.315545814056991
42717	0.881986844589768
42760	0.9006966243637622
42768	0.929868533692641
42776	0.8964865741557356
42783	0.8873646794758097
42960	0.9152885353258942
42973	0.5736924995408487
43148	0.31554588082941826
43151	0.8741326965616164
43175	0.9101153820689405
43193	0.3155458597530901
43275	0.8524471925534582
43366	0.760723450843853
43442	0.827123971376183
43448	0.31555709516289554
43504	0.8145405018117209
43609	0.9061771383697333
43745	0.9151755273450629
43757	0.904209044473777
43770	0.9043693164384139
43805	0.8901526559307852
43921	0.884422902941755
44137	0.7909298972355238
44190	0.8221634288133739
44294	0.41008088983072555
44315	0.860222048216316
44370	0.8005674132456934
44383	0.8793978606444223
44441	0.7904998475805805
44562	0.8781482771794202
44566	0.8297350029944384
44662	0.7838666287935956
44693	0.7281840316367324
44722	0.8714685487665552
44783	0.8200453381599968
44950	0.8616544346846863
45011	0.810045770065574
45070	0.8790902622422205
45131	0.8664821631400867
45196	0.904971227302728
45263	0.8602393797030415
45424	0.8830438822919012
45470	0.8943856272690921
45502	0.9118263186004658
45562	0.31556341135041327
45733	0.7766998504193714
45734	0.8916948013342317
45867	0.8087613076905579
45881	0.3155460293896408
45887	0.6747241311680057
46025	0.9037163643290674
46060	0.8617031494790107
46121	0.7753812241845505
46327	0.7905089958518049
46339	0.897711687770814
46615	0.8957977561505985
46634	0.8681920911147355
46647	0.869697657320862
46844	0.867264019171651
46894	0.3953775804837973
46936	0.3155458573738175
47073	0.8570102061363628
47120	0.9098091836927653
47141	0.8947442531330384
47144	0.896422405651839
47151	0.3523659724317365
47238	0.8902130309211563
47305	0.7953169955397271
47306	0.8145262090658598
47429	0.7905090759588298
47658	0.3155458529135911
47801	0.3162941774067275
47979	0.8718596766036341
48017	0.3155458481938518
48020	0.3220959299998035
48024	0.8406905687812357
48037	0.9010241688912634
48064	0.8979051138863351
48082	0.8614391092575988
48095	0.8561134984472947
48310	0.7679578940350179
48317	0.31554584528342666
48345	0.786154516527098
48450	0.758341742861103
48469	0.3718656209479683
48587	0.8116377280344518
48601	0.9038528243041374
48654	0.8811186544509737
48659	0.8012232308819562
48726	0.8757153297977721
48735	0.9752764717806337
48745	0.8863916744137726
48759	0.9134373862772821
48791	0.9027504336469585
48797	0.8902520403015844
48805	0.8439728932412404
48831	0.823238602140554
48836	0.893286963246296
49002	0.31558000853689266
49122	0.8477438253027014
49164	0.8690509759818498
49170	0.33982544154468475
49189	0.8524668310541031
49192	0.3154999329737861
49194	0.3155463130930263
49212	0.9161804711668988
49253	0.412029126510018
49378	0.3875453879553932
49408	0.7835785507409073
49491	0.3156187609680178
49557	0.3155458605292034
49625	0.5245070011456757
49653	0.8915078920509328
49724	0.31555879078381965
49797	0.31554603027246975
49804	0.3155458402168618
49898	0.3155461973429957
49916	0.4039269875982196
49950	0.31554586830973974
49954	0.3155458977486894
49971	0.31619244925363904
49996	0.9028984172585052
50017	0.8228729104096725
50044	0.8744862756781495
50157	0.8094500885683723
50229	0.3175944216853994
50260	0.350888976054394
50326	0.7608322125581579
50386	0.8722056943751918
50399	0.7990948786955102
50482	0.844243592575855
50654	0.836569854073274
50655	0.8892023020498264
50676	0.8953114507196293
50726	0.7206554197220737
50750	0.8890766022145729
50796	0.8564057705922888
50820	0.8818070581279972
50874	0.8779204879151629
50893	0.8418233851531051
50978	0.8615695725370636
51038	0.8034578832446193
51052	0.4033450741748494
51054	0.8085819856428907
51063	0.9181547293067812
51077	0.8996725742294838
51110	0.8756549822163292
51380	0.888843854628892
51448	0.8645107550388088
51449	0.8212423905940048
51472	0.40374035865676505
51513	0.8611133648377074
51603	0.8761550174369134
51654	0.7940564892372962
51717	0.9263758187999154
51739	0.8614888974991527
51740	0.8732428572525897
51781	0.8599045821998028
51787	0.9458214651065094
51803	0.31557854275951275
51834	0.3724190879348758
51848	0.4245985255929313
51870	0.31561181822661566
51889	0.3155458662894197
51922	0.31554636095739197
51923	0.36030798721879037
51961	0.31554585758482334
52140	0.31554582640446943
52227	0.31491960379664846
52279	0.31528866136379236
52314	0.8634461719966127
52367	0.760919214746188
52381	0.8966266036580177
52388	0.8491666292595754
52396	0.8680885314044691
52400	0.8994028381145993
52451	0.8680511924697881
52452	0.8987727364752627
52472	0.8852783188877761
52480	0.8620285858425348
52532	0.3155458591855571
52573	0.8763056733231515
52601	0.8834846294906934
52649	0.8729731046234684
52665	0.9087117854599156
52666	0.9023848234661878
52684	0.8682676554413661
52686	0.8735074393054122
52713	0.8813271977387651
52729	0.9105024255634172
52732	0.9239309164640707
52872	0.8521794382512972
52915	0.8599224642516398
52924	0.7618270743401157
52961	0.907794610344761
52966	0.8517306312584295
52987	0.8368222188455865
53043	0.8410319059902123
53101	0.8805675587086416
53286	0.9313641397377902
53338	0.9046752796013108
53382	0.9337823357342422
53393	0.3155458651761821
53415	0.31585747456129665
53534	0.3155459968729167
53608	0.4095372265112395
53728	0.8413943595700296
53772	0.3155767866429782
53818	0.3836805387905891
53848	0.3155460653867483
53877	0.3928724139865684
53930	0.40167690461535643
53945	0.8806088363337016
54009	0.3798499801497143
54023	0.3156640344708843
