0	0.9020406869497414
1	0.3155458620862808
4	0.8994372980980284
10	0.9393324643576263
34	0.9070365256247225
52	0.87415632989474
68	0.3155459212018648
69	0.8743567500988377
79	0.7914855319385559
80	0.8676794506782325
86	0.8823938045644392
87	0.9041609042143396
88	0.8827048408844315
90	0.8423598647795223
96	0.8946021391988707
103	0.8941072249488149
109	0.8827088007336009
159	0.31740178208800085
201	0.8560221980659044
203	0.9072085849709817
258	0.8580525076893751
260	0.911515327227138
275	0.3891922705470541
280	0.31554579942240363
358	0.39246734534920596
443	0.3480116398700646
680	0.8411462381368408
690	0.7911565026771062
731	0.3254276408274426
835	0.8560481371420617
894	0.8780140591241874
899	0.8891681376661454
993	0.8515058339354016
1094	0.884081227427393
1125	0.40595169802951636
1129	0.9088124771572774
1197	0.7822595978715059
1211	0.8115646214890352
1228	0.4047749479180307
1247	0.8210934267779721
1250	0.8972792667548783
1315	0.9404139240283401
1490	0.8994183622200781
1491	0.8953243076630633
1500	0.9164946863065144
1652	0.8587948177842459
1658	0.8819876411779616
1782	0.8923046078252439
1783	0.8806809715344512
1796	0.8753060716690007
1811	0.886845942428809
1817	0.8595176633006234
1822	0.8978266997854638
1866	0.8957691271334696
1874	0.9028611944546354
1887	0.8707757889326306
1901	0.8764520092169455
1936	0.88766243357378
1937	0.8962445919222648
1938	0.876169019365825
1947	0.9161646412097
1964	0.8570179831341349
1979	0.8681590085336289
1984	0.38350758275691704
1993	0.8918055752630751
1998	0.8805279696782543
2020	0.9395745293369072
2156	0.4078869968822367
2281	0.334383994557685
2296	0.8541280627495812
2463	0.9153744426386903
2471	0.9110527128478725
2504	0.8728197158432354
2585	0.8566029043589456
2669	0.8857727002923586
2692	0.8918803616815908
2729	0.878309801669741
2776	0.9114208063003304
2778	0.8952868341382
2813	0.3155462730383012
2829	0.870110022129521
2830	0.8960339277834687
2858	0.8721151554337617
2884	0.36484560170882835
3131	0.3159609599829629
3137	0.8693575438558909
3144	0.8375936603794161
3147	0.8841518839818335
3176	0.8290504589024403
3243	0.8006413794021329
3305	0.8959576205902404
3382	0.8620682091407519
3472	0.9280321786160202
3512	0.8702226479545626
3607	0.7669343128357032
3614	0.9224810683911461
3672	0.3495494094154577
3708	0.7574547427469218
3925	0.9011759150591145
3929	0.8445148509424923
3966	0.8036934528269587
4012	0.5248046716756409
4053	0.3155462250138622
4062	0.7753710253614405
4111	0.7994741548645277
4115	0.3155462606156369
4133	0.8748656311295715
4148	0.8994139816689642
4336	0.8689711311814967
4361	0.8705648454633627
4425	0.8555004195689183
4472	0.8298714612426561
4565	0.3155559921360461
4637	0.3155458487031762
4646	0.3157953025701949
4653	0.8812998077696267
4761	0.9305058905438921
4771	0.9145088692000205
4789	0.8962379346183764
4806	0.7902260658487252
4810	0.8751454064574291
4852	0.3155457351165616
4895	0.9057504615166699
4953	0.8473881894178729
4961	0.8877197648416087
4966	0.8693711880523299
5021	0.8930389151121626
5056	0.863731874116516
5074	0.9030029273414004
5144	0.8806709787427577
5198	0.8631727752485102
5250	0.8860227333703472
5289	0.923135667017695
5293	0.9096210996236613
5308	0.8262090862586626
5366	0.9051584971610147
5397	0.880920026156788
5432	0.774337787514827
5465	0.8896528340007027
5468	0.8712788889884656
5608	0.7398431704446183
5614	0.8432276702910909
5685	0.8513695654177943
5885	0.38002769320040897
5970	0.8934990896287308
5971	0.3147286889438275
6052	0.8955885769931369
6072	0.3739378352912377
6109	0.8566517207562092
6151	0.7905729085099349
6156	0.915760339959266
6230	0.8733490271775832
6231	0.9321042357752932
6239	0.31565367831262037
6241	0.7642048192528257
6246	0.7844479584657326
6247	0.7727852927271308
6256	0.894884542587212
6281	0.8796344283812941
6301	0.8956207650842011
6303	0.8825948930433648
6451	0.8404655102499825
6489	0.8705970459504123
6647	0.9421404915749586
6663	0.8486609191927428
6775	0.9047912401113651
6896	0.8646899958007289
6903	0.8680476335389486
6929	0.8503531910033459
6984	0.338493144417551
7189	0.889580162141823
7212	0.8703925502392781
7267	0.8995865841999816
7427	0.8944084413709154
7462	0.8889745790583736
8053	0.8497933480948716
8084	0.8773095958598518
8147	0.8684124617806654
8160	0.8951465185920656
8234	0.35967920084177546
8240	0.7759696007088454
8435	0.8008679453710753
8478	0.9024006864882409
8480	0.8087552181111618
8507	0.366606350956157
8884	0.31554599594643135
8887	0.920856581316698
9057	0.8905449629120309
9063	0.9183468524274222
9104	0.8947834316770732
9199	0.8840296723128588
9214	0.891137640404291
9242	0.9039582474334601
9368	0.8486194829010091
9376	0.900204472335085
9438	0.8964557366231732
9447	0.8937965345983273
9512	0.8880921133452262
9547	0.8896738312066144
9553	0.31582314815910245
9690	0.8868260510583069
9753	0.8582127260949146
9770	0.865283980413397
9907	0.7609195037586738
9934	0.7798264238841615
9980	0.8826130186735268
10106	0.8759664456169475
10163	0.3155458732235074
10189	0.8526477091168796
10208	0.7848751245103184
10211	0.9169825335933749
10217	0.8956123477104507
10241	0.7511950805300698
10296	0.851931257372676
10303	0.8912432916478801
10306	0.8871667870437986
10310	0.8695410571533491
10680	0.31554607708423166
10766	0.3771324092735234
10847	0.3159325497036811
10865	0.3806340591566736
10998	0.877498548785429
11053	0.7299073307396126
11088	0.89199898794941
11099	0.8259190300967673
11105	0.8341708517675015
11119	0.8228546681199723
11152	0.9031717147514113
11775	0.36583508167583556
11794	0.8852160759332351
11808	0.9216650373722522
11864	0.4100592027594826
11969	0.874485592096911
12001	0.8445388223433166
12034	0.9077935006966946
12060	0.9123461777812565
12171	0.31538948174074816
12172	0.3155458558652472
12273	0.9007382794927826
12458	0.4081890435467455
12465	0.3565800005553963
12528	0.8921019064712045
12552	0.9035849414679036
12555	0.8675602660162587
12556	0.3158220201292763
12730	0.31556095711506693
12806	0.7951921017418468
12919	0.4034956451979431
13400	0.3977545461301937
13498	0.8952366137955371
13510	0.3190409249838377
13876	0.4015785204727678
13989	0.31547963850698596
14032	0.8627635205928457
14055	0.8657583456241967
14143	0.8473345315915579
14236	0.31554587286940566
14238	0.3406487850162777
14241	0.31554598319391886
14371	0.3911955700433883
14436	0.8677090444673182
14676	0.811694661357435
14790	0.9104148336868871
14846	0.8637124716101136
14885	0.8644710542966059
14902	0.9037963614610689
14945	0.8783136957044982
15134	0.9001949145209709
15141	0.9007849336722001
15144	0.3565690884089291
15360	0.8743749460133399
15369	0.9115792017150434
15389	0.9222598422639738
15402	0.7684985840521216
15405	0.8101826786559904
15495	0.31554585783463485
15540	0.31554600077531164
15635	0.31459058871867046
15688	0.8330457179937669
15689	0.8501538742869149
15713	0.8287086452229242
15728	0.8491606627935855
15729	0.809196507204424
15731	0.8749640388684313
15753	0.8974038288904186
15759	0.85534383319682
15773	0.31584786773319895
15785	0.37970009950855227
15791	0.8246652122155196
15799	0.8959022642859343
15809	0.8749285386748273
15825	0.841996135943601
15871	0.8680316769079236
15881	0.8451619125139882
15892	0.8444561795718636
15893	0.8720435414367846
15900	0.8923739245727776
15908	0.8711989831104169
15920	0.8925890749960053
15923	0.9300070871776979
15924	0.8894450315664646
15933	0.8956124528059002
15939	0.8384136186094874
15941	0.9008160904274605
15952	0.3697328431473271
15955	0.8444188406177799
15977	0.36573672761976606
16015	0.6541710274670498
16079	0.8896265295352294
16081	0.7835078503700176
16088	0.7731688413322468
16219	0.848555985640574
16238	0.9214927210985183
16242	0.8944747727038478
16294	0.3155460253829556
16306	0.42831264516255674
16346	0.3284388121811837
16347	0.39501089052077204
16351	0.9262155058128371
16380	0.8795274785278653
16409	0.3438439434943803
16424	0.792741262531759
16433	0.8685203708641172
16443	0.9050288924302676
16523	0.8651788094869591
16536	0.3619083443179041
16560	0.3155458607305078
16562	0.3155458710625168
16616	0.4037645118718436
16629	0.775142958995612
16645	0.31554586610024205
16651	0.4169761833514587
16670	0.3155463177885121
16719	0.31554604245017337
16726	0.3240060039874035
16778	0.3756181151512909
16820	0.3185789032471538
16833	0.7041762880921427
16872	0.3436535655106952
16880	0.31550001527575644
16904	0.3152727693320773
16932	0.31567126577850724
16935	0.31554604942306674
16945	0.330746422645458
17005	0.8845422194872156
17067	0.8311212602149334
17127	0.8857139410608477
17144	0.8197972001325343
17174	0.8894661253984885
17199	0.8228280941927937
17270	0.8269664200478009
17306	0.8322758033877735
17331	0.9020496756738886
17338	0.8812450745363964
17388	0.8772705098746103
17410	0.9103804780397717
17416	0.8927111095728901
17418	0.31554586078871627
17443	0.8758655161596852
17453	0.8903008718039543
17461	0.8658388219164554
17467	0.8054556581114446
17468	0.3729795399395351
17475	0.3664561982678619
17481	0.37370358816482085
17487	0.9047096948272527
17488	0.9180247995761422
17489	0.9056996180617001
17557	0.8636713932667088
17558	0.8617429910178771
17716	0.8884259540268188
17740	0.8846829851718186
17767	0.9244574780166822
17809	0.7950196930548408
17819	0.9119258999076029
17881	0.8101215860518104
17911	0.8946737021300141
18196	0.8412481156044369
18226	0.9064746587532942
18273	0.8874729898462451
18313	0.9073669896190181
18357	0.8575134387523585
18380	0.9019984924849997
18413	0.3155460529398304
18423	0.8697584548637227
18480	0.8747763222283661
18492	0.3294299229563738
18586	0.9033028614180864
18628	0.8775161036278762
18651	0.3155458589672753
18674	0.895902261545284
18741	0.7786798960049972
18751	0.8682169198152199
18758	0.8404279941965331
18772	0.8181893596684341
18830	0.8598482637623251
18904	0.8758598313767605
18905	0.8173981471247317
18926	0.8670485978848631
19003	0.8411795984210063
19013	0.7888122375942717
19079	0.8515486796417083
19120	0.9239715960040543
19141	0.9238842522824927
19193	0.9099332859011071
19253	0.8756048408577521
19370	0.9033217890789365
19457	0.3155460690732867
19554	0.31555308941147203
19556	0.791622098035
19628	0.8920549094994965
19660	0.3156410365878445
19737	0.31554599205131245
19964	0.3502648595198946
19986	0.3155461007726664
20269	0.9077150435021293
20284	0.7905090493502686
20345	0.3829440000080059
20357	0.31554621068486943
20385	0.8437419061231799
20412	0.8524434442412591
20415	0.8342153416602451
20491	0.8871172579513441
20576	0.884159826005558
20585	0.8091683602118959
20619	0.7796151580513615
20653	0.8776300906757023
20666	0.7975711339258654
20753	0.9371811849750894
20758	0.8291170471410193
20768	0.8793392030425297
20778	0.9004829500984306
20867	0.9133054202095316
20917	0.8386830584333976
20962	0.9118242394194719
20963	0.888358847783509
20977	0.9144733759405044
20986	0.8596116309944303
20987	0.875570187956797
20999	0.38739046721471393
21013	0.8804385304457889
21014	0.89522170328285
21065	0.8366507293508555
21074	0.7947669107335442
21101	0.37383630084149005
21112	0.8313953714578394
21183	0.9227393243440282
21239	0.7882371933464593
21256	0.8263001503959988
21442	0.8496352362671271
21753	0.8673874980033224
21803	0.9226265898267368
21817	0.8035020905350883
21942	0.8267082089421437
22030	0.9302404370370418
22136	0.809410312851194
22157	0.860035738657633
22173	0.7903950454583571
22257	0.8937221423605075
22288	0.8708694227643012
22329	0.8657608250516973
22332	0.885997244633963
22356	0.9239696911381194
22357	0.8651502427335239
22379	0.7591574008338378
22388	0.8620881639221403
22446	0.9043561227976047
22481	0.8828817843047448
22543	0.8859439594148182
22639	0.3456868328900275
22662	0.9004572268860757
22678	0.8587815359211765
22713	0.8815501607421368
22877	0.9280106740914885
22914	0.8745497011480996
22916	0.899012989707659
22970	0.34639494996020914
23066	0.31496249741582794
23157	0.8897266523730333
23217	0.8842141974753771
23237	0.805655571967064
23331	0.31547571495324256
23342	0.7712804878930541
23355	0.8853890385614454
23381	0.908002179826151
23409	0.8491168274699928
23456	0.944792925076447
23471	0.883833934201741
23475	0.8006893488584241
23506	0.3565690948288417
23567	0.7788039932268108
23586	0.8899330832549032
23609	0.9096443148839246
23612	0.9443321536050169
23656	0.8793271449598459
23678	0.8633182361569608
23755	0.8671960966608233
23769	0.8820697235955733
23773	0.8926009449512374
23774	0.8908147062229408
23857	0.810904893398367
23918	0.9034807370742298
23936	0.9049149785844829
23983	0.8971271935158829
24029	0.8960360307159564
24060	0.8828423616609338
24119	0.8977298183195943
24144	0.915739980461443
24145	0.9158075296568969
24148	0.47420936454859913
24227	0.9036615714951822
24229	0.9095607867732911
24234	0.9132182231636924
24274	0.8796309412942978
24419	0.8150000728734786
24434	0.380977064235671
24442	0.39934745141090333
24878	0.8230345208593979
24926	0.8608757513632782
24999	0.3155458602648398
25155	0.8879539260498521
25380	0.8888074342316404
25455	0.8585287086750435
25557	0.8803490639086854
25603	0.8748198521925851
25622	0.8918332662841577
25623	0.8960463073759595
25625	0.7660015545091874
25633	0.8842840556153321
25634	0.8850408662701156
25645	0.8642439692509262
25652	0.35223681764785514
25660	0.881528806710835
25968	0.8790258708943519
25979	0.8661921394512592
26039	0.8046159428318391
26042	0.8012565200668624
26056	0.8707848434178326
26075	0.3155458316311078
26080	0.7619048350238792
26109	0.8880657606030768
26153	0.899138057529556
26179	0.9005343098894876
26206	0.8583497458247629
26256	0.8030627443324644
26263	0.8539184399196452
26591	0.8773909264128023
26804	0.8650350388272732
26840	0.8727541680112848
26913	0.8797572153248889
26937	0.889342256979742
26970	0.885441880794491
26978	0.8683958283787968
26982	0.8949892065782359
27082	0.919089500847081
27395	0.8673384816695573
27421	0.4294616015149547
27424	0.315546147882747
27708	0.8397238879491907
27758	0.8771444518606188
27870	0.8520923961201083
27880	0.8330941567803549
28169	0.9082921626841401
28181	0.8858318056170671
28212	0.9091347566942903
28499	0.8377911661396282
28511	0.8582901104219104
28615	0.8478102140971262
28644	0.9050179218036591
28819	0.8736449138764911
28825	0.8735752444873034
28865	0.8966446016054063
28875	0.8748359949768232
28914	0.897155510790106
28925	0.8930697423030144
28927	0.8736040297360502
28929	0.3161670798301307
29037	0.8318127115508491
29488	0.8900843658623754
29593	0.31554586006111
29602	0.8083130700544461
29633	0.8160271953446285
29662	0.7798249783099823
29665	0.7856881636292139
29727	0.7570778688645884
29729	0.8431391914115872
29920	0.8213490240284453
29922	0.8636921561882528
29932	0.7894322022885611
29939	0.8389514875733953
29958	0.8785395286368041
29967	0.9142899703093713
29991	0.889585148801085
30033	0.8971424469130239
30148	0.8946517757927259
30196	0.3168774496784604
30208	0.352501932109587
30292	0.8894201057960275
30335	0.9045083782752914
30357	0.8697267064360221
30375	0.8605078529456806
30471	0.31517808774738015
30594	0.3150952387383559
30609	0.31556693785669193
30768	0.8530783106199464
30797	0.8161752101098504
30909	0.9390645865418755
30939	0.9098747238945514
30964	0.7906655651033276
31024	0.3152015785691147
31052	0.3440758591665833
31286	0.3155458529257179
31373	0.3695462675175838
31411	0.3155456460260247
31420	0.31554592366359935
31446	0.9092055725047652
31494	0.8853132820182157
31496	0.9431236332206652
31508	0.37555714343889235
31521	0.8895525661048878
31526	0.9103446870801508
31543	0.8859979628613865
31556	0.8935663380099255
31559	0.8118836581649463
31561	0.31554598766142133
31566	0.8582788090133655
31571	0.768832605138838
31573	0.894408513207482
31581	0.3564185785629704
31593	0.9200209107833613
31597	0.8981771871792693
31599	0.9280936406404547
31607	0.5258573045828193
31735	0.31554586978920585
31786	0.44032470975233
31790	0.7757181489247515
31908	0.39767093673138787
31946	0.8980765987534903
32114	0.35910510280710956
32142	0.7621037823806894
32150	0.31554610269597233
32165	0.3155458600344312
32269	0.8154615255687027
32317	0.4280066641078219
32342	0.7088435906893301
32356	0.7555829673436117
32392	0.3155458434377322
32444	0.7901958550713518
32447	0.8020530230502951
32499	0.3155460802735725
32536	0.8761637137555044
32587	0.3155457910500808
32591	0.3163188675224715
32623	0.31554586120830264
32709	0.41274137691738233
32748	0.8274876272671506
32805	0.4243309261132572
33183	0.31555145606394314
33289	0.9240798936559319
33386	0.4431629248080353
33414	0.3831987587844179
33418	0.8526076570475645
33462	0.8836451448638808
33474	0.8760242403408649
33494	0.8060242511983512
33502	0.3340837661836665
33612	0.3687496689194115
33641	0.45075172052239126
33712	0.8892556035527994
33719	0.7929454023682421
33729	0.8875534915537908
33731	0.8949530308725472
33743	0.8361731352053381
33757	0.9148148288728327
33853	0.8869889601979086
33868	0.8993265959742224
33873	0.8991155372302932
33919	0.9085305824263514
33924	0.917121075851467
33926	0.8843908769346882
33930	0.8803651233189466
33954	0.8503347393012854
34082	0.8893029355071573
34092	0.8730608406873074
34150	0.7581963943120379
34331	0.8612950833245295
34385	0.8775382509610165
34401	0.8174054554810076
34404	0.3155458254949616
34415	0.3155624167029429
34480	0.8513868570292711
34755	0.9258290475854397
34757	0.8555045065721338
34815	0.8224817187712253
34824	0.8292896828169277
34856	0.4219377556905687
34870	0.9266771096415846
34909	0.8599333456470407
34943	0.8513635964076077
35119	0.8827513906644758
35205	0.8272940412722786
35232	0.9069463801194046
35279	0.8942281744246436
35389	0.8469058817710385
35439	0.7905161099711623
35498	0.8163722164872016
35499	0.8914352635331331
35508	0.9111930049262794
35593	0.8616492937995738
35601	0.901369858677318
35633	0.9018024139511622
35663	0.8940916275491316
35731	0.8995169573757605
35752	0.8981980937763723
35850	0.877544247076962
35963	0.8788781135077207
35981	0.9219698115779994
35982	0.8994727924489538
36076	0.9067684309895802
36087	0.8681027044785017
36168	0.9142627491448871
36176	0.8955166061343895
36257	0.8948886606446631
36347	0.8921787126107296
36351	0.3155460829875439
36355	0.9260876174300914
36425	0.859539945944276
36426	0.8664350872594792
36438	0.9055364257765443
36460	0.8872570695112952
36498	0.8469277217535895
36499	0.8747402999190561
36510	0.8576994321151853
36567	0.9011117122655598
36570	0.8955784866828006
36581	0.8436156218963995
36731	0.8706267821805521
36732	0.8485416161540799
36733	0.8903257556181885
36747	0.8967321995720009
36828	0.9323593947788094
36849	0.8953369903520721
36856	0.8797120038359048
36857	0.758513191355221
36893	0.8884843363388799
36913	0.9470149001683428
37063	0.8565862832220931
37252	0.9243514822563758
37354	0.40656035439572535
37440	0.832797826190691
37462	0.4055833107138641
37489	0.7618685446813973
38026	0.3155461082718617
38061	0.3819970006393307
38126	0.7968966538679162
38132	0.3155460888908561
38143	0.8118036180677947
38235	0.3155546346628593
38276	0.856960543964722
38281	0.9148148158001733
38282	0.9051097548825761
38287	0.9010220737538641
38293	0.8898979783309794
38302	0.8564930909916443
38303	0.8676280405198443
38304	0.8914666564499855
38312	0.8821217985969132
38316	0.8158832424195722
38317	0.7783613089242754
38322	0.8101136706851542
38330	0.31616321043212187
38363	0.7437217388802758
38381	0.8038231527577099
38410	0.3677760918497064
38447	0.8878651293689077
38448	0.8821992269659163
38465	0.8427856749079987
38481	0.3160379401319527
38492	0.7581976015781867
38498	0.8859268858475374
38513	0.9061170717583018
38524	0.7609187055940002
38529	0.9446571029816657
38552	0.786557935819295
38563	0.8857704325036931
38595	0.876846388629424
38601	0.8498524856816421
38607	0.8480313590525432
38643	0.8666827831909477
38663	0.8560076310803901
38672	0.7737968128290468
38677	0.9040951874831461
38713	0.8893725052918976
38740	0.8809184693582893
38755	0.844294273185266
38784	0.7817062521426082
38802	0.8922696093113115
38844	0.3471439694070701
38846	0.31533811562679287
38851	0.7947069665103378
38873	0.9277386798214459
38926	0.84623524068988
39146	0.7905090290791578
39153	0.7336969362241669
39158	0.9039835964136576
39186	0.8581621270695691
39205	0.8421903292520225
39294	0.9109459744004448
39295	0.7615301023364218
39315	0.8843712648995088
39317	0.7905937432462175
39413	0.8948723729915918
39431	0.8864355469131946
39553	0.7834370964836866
39568	0.31554638590458556
39599	0.31554585886783576
39603	0.3155458593771601
39617	0.31554590425834017
39669	0.7757114111476098
39679	0.8742551115795655
39688	0.7586642456252939
39691	0.8691190056666552
39726	0.3436204537550028
39728	0.8613415567665496
39756	0.8507501977147468
39780	0.8682177451002044
39784	0.8685338927620689
39802	0.9217211242878407
39804	0.9128496229067896
39811	0.8862698061895088
39826	0.8496424103970242
39876	0.8627686516285946
39934	0.9010112513624808
39943	0.9682793165134506
39958	0.898934195122067
39968	0.8872040096560653
39971	0.3833351892259495
39988	0.3896138386970306
39991	0.31554590749376266
40020	0.3155460247669157
40021	0.3155460222372712
40034	0.9095433784513436
40197	0.885903504290436
40220	0.8485565361620289
40225	0.8810060699175877
40226	0.9013470303677698
40231	0.9139194517330939
40232	0.8898952446729977
40233	0.8819470149787936
40235	0.3794939658101866
40261	0.8754134796112092
40263	0.8915198082649464
40316	0.31556040720480133
40324	0.3154624975415365
40482	0.31627199423412794
40566	0.3161274538858521
40839	0.8687297702534439
40846	0.9310719082223299
40850	0.88585878288793
40980	0.9053228036175228
41018	0.9348760590824923
41027	0.8914226385190479
41083	0.8812048389502283
41170	0.3724590300701598
41517	0.8106113443261997
41520	0.7698954299277627
41543	0.7863001735060351
41565	0.3148707393652441
41654	0.3155458600029015
41695	0.3222999379212701
41703	0.8673949880792639
41730	0.8256195938604171
41856	0.9183958545558876
41945	0.766942515179973
41949	0.7580616464090696
42061	0.8998334270082499
42130	0.8749072802922204
42144	0.3332497237130118
42159	0.36849795072955865
42182	0.9388793171012041
42228	0.81959546227229
42270	0.5667534560253357
42287	0.8801734153777183
42312	0.8574606719551054
42334	0.8374770607012096
42335	0.8866500831348667
42411	0.8263811584107918
42458	0.7600256334624127
42468	0.8408574396642086
42492	0.901632550401779
42499	0.8823589038844456
42501	0.8756140937078254
42614	0.8600779976125433
42644	0.7600521392177347
42650	0.8867879654370957
42653	0.8874837276533998
42674	0.8531314533082992
42682	0.8815005121718823
42717	0.881986844589768
42769	0.827462262546404
42770	0.851602393057142
42772	0.31596986322307513
42783	0.8873646794758097
42784	0.661088547593626
42795	0.8816048493488491
42836	0.8584548888838809
42907	0.8380796064917309
43161	0.3155458769634037
43175	0.9101153820689405
43187	0.8927507077371614
43198	0.8362609242098091
43367	0.8444764824691952
43442	0.827123971376183
43448	0.31555709516289554
43609	0.9061771383697333
43803	0.9077173656866392
43805	0.8901526559307852
43807	0.6392806591318326
43852	0.8599745362625179
44263	0.8597664936818308
44311	0.4380529670028619
44320	0.8959005297696045
44370	0.8005674132456934
44436	0.3155771515860289
44474	0.8957260845078024
44521	0.8202096074382498
44693	0.7281840316367324
44747	0.7896768703981097
44958	0.8360139217841287
45021	0.3889234670196763
45039	0.31554603035008105
45228	0.8861355972996894
45664	0.8828554169037548
45881	0.3155460293896408
45887	0.6747241311680057
45891	0.8497933532536
45899	0.8913772714241871
46036	0.37343921334396507
46121	0.7753812241845505
46499	0.8976843860772935
46623	0.8805032577197701
46634	0.8681920911147355
46646	0.863910609963342
46649	0.8891673050323375
46692	0.8765681667555015
46742	0.8854688000145007
46769	0.8719135983254666
46936	0.3155458573738175
46978	0.3323860763839545
46987	0.8881534185050252
47023	0.8041725077560515
47128	0.871688539146644
47144	0.896422405651839
47151	0.3523659724317365
47155	0.8954482315714892
47458	0.31561940319454135
47459	0.3788854402021001
47718	0.4092693224749844
47758	0.31538165934034496
47813	0.31495796062824544
47861	0.8236034212532375
47952	0.38961472562724353
48024	0.8406905687812357
48095	0.8561134984472947
48112	0.8483774274824746
48317	0.31554584528342666
48471	0.3153964764502154
48587	0.8116377280344518
48738	0.8637562450386659
48745	0.8863916744137726
48766	0.877886830112794
48791	0.9027504336469585
48797	0.8902520403015844
48805	0.8439728932412404
48806	0.8960437626118412
48834	0.9100643460287179
48835	0.9028507891950751
48836	0.893286963246296
48841	0.8412289755407649
48842	0.8108876028710236
49002	0.31558000853689266
49053	0.31554603971922446
49142	0.3846804093510396
49164	0.8690509759818498
49170	0.33982544154468475
49189	0.8524668310541031
49223	0.7965160701322259
49225	0.918566752416984
49253	0.412029126510018
49327	0.7441602002942747
49412	0.31661742823019895
49491	0.3156187609680178
49557	0.3155458605292034
49572	0.3155518655413482
49649	0.3155460468327884
49950	0.31554586830973974
49996	0.9028984172585052
50043	0.8507097377978647
50087	0.8627116084588929
50259	0.315820598731028
50260	0.350888976054394
50306	0.31615645291744754
50322	0.8578495136993705
50326	0.7608322125581579
50483	0.9265537717351207
50521	0.8317331612224543
50726	0.7206554197220737
50753	0.863533740965672
50796	0.8564057705922888
50878	0.8800563068844482
50927	0.8917693712074206
50944	0.8598972782237166
51052	0.4033450741748494
51060	0.8598514571534768
51063	0.9181547293067812
51080	0.8698090056681755
51110	0.8756549822163292
51341	0.930177055497533
51739	0.8614888974991527
51762	0.8855352710405604
51781	0.8599045821998028
51865	0.3870954661314773
51891	0.31617421717953076
51892	0.3156182615293737
51922	0.31554636095739197
52169	0.7584078175745809
52200	0.8273977549537328
52204	0.8894806485287476
52227	0.31491960379664846
52228	0.7081564022020875
52269	0.5475452374765214
52279	0.31528866136379236
52299	0.8611203741259787
52314	0.8634461719966127
52315	0.8748519763076555
52350	0.8739323460112666
52381	0.8966266036580177
52388	0.8491666292595754
52441	0.8957191440341065
52453	0.9000905751684612
52456	0.8633113241181177
52535	0.9051402100701711
52567	0.8832111485367174
52571	0.8939520528080434
52572	0.8875087124715105
52592	0.7611696113144402
52606	0.9516558618712363
52647	0.7733734413845453
52669	0.8445110068288013
52709	0.7780889430317564
52727	0.8837044908225344
52732	0.9239309164640707
52735	0.3155460175951432
52924	0.7618270743401157
52942	0.891208118493891
53001	0.8526331687180982
53010	0.7575749315273743
53101	0.8805675587086416
53184	0.9151557597112828
53260	0.869242143677849
53373	0.3160773273534653
53382	0.9337823357342422
53393	0.3155458651761821
53413	0.3155458381116542
53415	0.31585747456129665
53439	0.3155458608153952
53493	0.3150391872111109
53534	0.3155459968729167
53600	0.3155458747320778
53719	0.3155463695455713
53770	0.3212031391996052
53823	0.31539405655788494
53856	0.354277412825103
53966	0.9220991750126796
53971	0.7581976005498365
