0	0.9020406869497414
4	0.8994372980980284
10	0.9393324643576263
12	0.9138091746186613
15	0.8806525286099016
17	0.7609287631935839
44	0.8604661521690683
49	0.8863540307624371
52	0.87415632989474
54	0.8802375325659704
58	0.895272975421605
62	0.8848504799213838
63	0.8710829584667207
64	0.8774894753169797
67	0.8668120279409188
68	0.3155459212018648
69	0.8743567500988377
80	0.8676794506782325
81	0.8735939983351428
83	0.8670300228123092
84	0.892333648839721
86	0.8823938045644392
87	0.9041609042143396
90	0.8423598647795223
96	0.8946021391988707
109	0.8827088007336009
117	0.7613026691456949
132	0.31633124095456266
139	0.9129201591054517
153	0.8703233059977094
157	0.8390086807633825
159	0.31740178208800085
168	0.800569031529347
181	0.3155461166781395
198	0.8504217026496929
201	0.8560221980659044
203	0.9072085849709817
205	0.8876330303544773
212	0.8816893406088778
234	0.8798149107038719
246	0.9277214057937873
258	0.8580525076893751
259	0.8920437062401866
272	0.915059853325126
280	0.31554579942240363
284	0.3155462938526912
286	0.31554586050737526
298	0.4030537729185553
301	0.31512222454161487
333	0.31554629532488127
358	0.39246734534920596
391	0.3762788459343293
411	0.3817682252357456
412	0.3881326902102637
443	0.3480116398700646
493	0.33583596323180315
544	0.8162877048008396
547	0.8504156220465326
555	0.39824564296000686
556	0.8611456012442533
583	0.8494048632827123
600	0.8139808160953046
630	0.8522161854723069
644	0.37453215486230224
661	0.46202124528046523
679	0.31554605357769855
680	0.8411462381368408
682	0.7904559300568825
692	0.3398293867301624
738	0.31484879968608226
744	0.3508186383030656
773	0.31554585898425275
799	0.34955841606782345
805	0.4582354596172539
806	0.4187546482810253
821	0.37045540540415894
835	0.8560481371420617
856	0.3159262696151358
870	0.8138699966013315
874	0.8737791105595024
891	0.31554586501610876
894	0.8780140591241874
899	0.8891681376661454
948	0.8150478854602836
992	0.8828415755041888
1021	0.9249929560542653
1041	0.8562094414975314
1046	0.8711081385088694
1073	0.9273910945022196
1074	0.8562344051422999
1076	0.8804184728099783
1082	0.9037917183896135
1115	0.46545073536249765
1118	0.3155458347622401
1119	0.8674643493999574
1129	0.9088124771572774
1161	0.8456230698714029
1168	0.7177026774557752
1185	0.7618908676514146
1190	0.7901877392976758
1192	0.7682290948164698
1207	0.8152272473686475
1215	0.8316230736882604
1220	0.7905090242575536
1225	0.7624015693979928
1228	0.4047749479180307
1232	0.36253163006914085
1247	0.8210934267779721
1250	0.8972792667548783
1254	0.9471581737419783
1318	0.8861387722072165
1351	0.8995643577299582
1365	0.907815247839111
1388	0.8930827274991799
1391	0.9029833164800923
1401	0.8932718810670366
1408	0.8847211507690854
1415	0.8827990170810903
1418	0.8640951451352971
1424	0.8846155859578448
1437	0.9066452720524298
1446	0.8085844632271222
1474	0.8520405565479033
1484	0.8917976719358773
1488	0.7897251037450678
1490	0.8994183622200781
1491	0.8953243076630633
1499	0.9226702220681434
1500	0.9164946863065144
1524	0.9432396827096902
1548	0.9134144893205077
1589	0.9032202459585476
1597	0.8897297138152134
1601	0.8640126610499207
1609	0.8753807314524957
1613	0.9272660044519512
1632	0.8881552456480584
1635	0.3293460049651974
1651	0.8307831187957839
1653	0.8958200604187093
1654	0.8705382501906416
1664	0.9024076419215218
1679	0.3156826161112975
1707	0.863349053415987
1730	0.8174704708531162
1758	0.7912171569203376
1783	0.8806809715344512
1785	0.8497933525866275
1793	0.9191799204756353
1801	0.8442724742954917
1806	0.8888240780649577
1819	0.8704564574064061
1821	0.9082225905880373
1824	0.8937906491609968
1825	0.8753470863686849
1827	0.8875926931920488
1844	0.8926442917260262
1851	0.8800489321049961
1878	0.9064983376030407
1883	0.9066677113278839
1884	0.8685970039036857
1888	0.8829462995227298
1901	0.8764520092169455
1902	0.8896588398544453
1906	0.9102293588793464
1921	0.8508163835094481
1936	0.88766243357378
1937	0.8962445919222648
1941	0.8195006174030448
1944	0.4227538589365113
1946	0.9078125612063225
1953	0.8582112378393517
1955	0.9021567965414695
1964	0.8570179831341349
1972	0.9020702930038436
1979	0.8681590085336289
1983	0.9101840317058162
1997	0.8729644432154265
1998	0.8805279696782543
2000	0.798558198121219
2008	0.9150744463613698
2026	0.8848728550947255
2033	0.8412099646611604
2034	0.31554586417936153
2074	0.31557780754975884
2082	0.8109822283257478
2120	0.8497933509301103
2142	0.8815222665685332
2156	0.4078869968822367
2166	0.31605898515857367
2264	0.7618898247806262
2281	0.334383994557685
2345	0.7195607934750783
2353	0.8965666314340967
2354	0.42110252569372336
2381	0.8670634727133132
2444	0.31554584548958187
2461	0.3155459345388877
2464	0.8671518619614265
2471	0.9110527128478725
2473	0.8526747326877545
2500	0.8900941831651382
2512	0.8938395164615953
2521	0.9526559515430384
2529	0.8997410210776415
2536	0.8574102738679322
2555	0.8536314398059424
2603	0.8960754959635399
2606	0.9109167507543692
2636	0.9063085381609278
2641	0.9192736289888133
2644	0.873684936489879
2645	0.8768622008281792
2650	0.849793353707141
2659	0.7862611736451223
2660	0.877928935756213
2692	0.8918803616815908
2696	0.3162435455129816
2702	0.8659344553435463
2722	0.9193226082364868
2726	0.7891922721715564
2729	0.878309801669741
2733	0.9040186666380388
2735	0.8988710559409301
2737	0.8812843086137669
2755	0.8943251491866142
2756	0.8810443130873842
2760	0.9025657681728475
2780	0.8767062476554363
2794	0.8760826017876036
2797	0.9008576864457475
2801	0.9033606750064089
2807	0.8900396559245186
2811	0.9214254029374576
2817	0.8713108114256307
2819	0.8795713937207978
2825	0.8512502138963003
2830	0.8960339277834687
2845	0.31540883987286966
2884	0.36484560170882835
2904	0.7541533892438348
2916	0.7984348376371324
2957	0.3155458440950032
2971	0.7198285369577344
3002	0.31554589050900705
3005	0.4493245037935725
3081	0.3155457724912703
3085	0.31572163129317293
3113	0.7910109210660516
3119	0.33449056848120867
3154	0.8798463283132557
3183	0.8609266997075423
3197	0.9133971651074195
3225	0.8571220273283112
3227	0.8907334306188157
3231	0.871140141305296
3237	0.402177933236779
3260	0.8517720187447602
3261	0.31554585983797745
3272	0.8670765217156982
3288	0.31611431759496883
3350	0.8771846009295509
3363	0.8744320635419766
3382	0.8620682091407519
3407	0.8955976054809668
3420	0.9180479674765132
3425	0.3163051201684412
3446	0.9192463073322023
3451	0.8450448940571434
3452	0.8413433757379823
3454	0.8849722369916632
3465	0.8971488374400741
3468	0.894674540446427
3469	0.8689896624812573
3470	0.8760600147377419
3472	0.9280321786160202
3473	0.8415377711099405
3476	0.5358275420293886
3477	0.31554578362122077
3478	0.7946399590856605
3489	0.8903255959086125
3515	0.8317916680982831
3533	0.3155460631214675
3539	0.37316947210673274
3552	0.6941078082382607
3559	0.8380932797075332
3584	0.7847399846385772
3589	0.8245812216383419
3607	0.7669343128357032
3666	0.8127431634497991
3667	0.8996036481289047
3678	0.397754629581782
3705	0.31554585889451464
3711	0.4635791960528695
3718	0.3155460390328492
3753	0.860478523010881
3863	0.4154117213930568
3920	0.3930325755442301
3929	0.8445148509424923
3930	0.8872341541800373
3934	0.8641659933121242
3936	0.8843891712509697
3953	0.7581976362292226
3970	0.3155668820905222
3974	0.9055526665572198
3992	0.8205501432204513
4016	0.8822198111437044
4027	0.31565764704343696
4053	0.3155462250138622
4061	0.8052142766745964
4111	0.7994741548645277
4113	0.8493012398971959
4115	0.3155462606156369
4121	0.3155461720780808
4147	0.8972924755759799
4158	0.9019091597037567
4161	0.8818411517543938
4162	0.8797332203957033
4170	0.885066011760668
4197	0.8830605024852908
4210	0.9084865536856099
4228	0.8615224937387551
4233	0.3155459257954857
4248	0.9031714749323853
4318	0.8800368634841484
4369	0.8518507774326844
4375	0.8711836659264596
4377	0.9046276447590156
4415	0.8563043232442877
4466	0.8846724991285598
4490	0.39423015006969087
4512	0.4056100545686361
4550	0.4229098319268238
4568	0.8694323847575641
4570	0.36329692381264744
4584	0.315545872947017
4605	0.37051331524023884
4606	0.36429894443749433
4609	0.3155460442740397
4626	0.33004392278540684
4635	0.41901070839094995
4649	0.39303277209978754
4655	0.8922574131338087
4659	0.9099783409959747
4667	0.8711001575897391
4668	0.9233901443511516
4669	0.8584230430660814
4676	0.7711673008192159
4690	0.36586321188248716
4707	0.8401251307042499
4720	0.8683249689847062
4723	0.823663099174975
4728	0.9105295957057246
4743	0.8232975800638302
4744	0.8738228215303329
4753	0.31554586748754465
4754	0.8605335619963922
4761	0.9305058905438921
4767	0.8811908319110955
4775	0.893284265333185
4789	0.8962379346183764
4792	0.8691381591376854
4796	0.35174656311203584
4806	0.7902260658487252
4810	0.8751454064574291
4815	0.8292055884782453
4816	0.8385824851733586
4818	0.8967086800340722
4819	0.9158075254440565
4839	0.3155864797894329
4847	0.3912759987453466
4860	0.791288293440253
4867	0.790264009695855
4883	0.3155460208014615
4886	0.7900852326495365
4891	0.89352155115681
4893	0.8803859954978477
4895	0.9057504615166699
4901	0.9183372340279594
4918	0.6071815861033096
4936	0.8959022619988253
4943	0.8959022633351955
4946	0.9057025174877925
4952	0.8891374403360349
4953	0.8473881894178729
4958	0.8199635455285587
4959	0.785958730721389
4961	0.8877197648416087
4968	0.8413204661111577
4974	0.8684685399455759
4985	0.7905090384531519
5011	0.8247968010752027
5013	0.8894149640402133
5021	0.8930389151121626
5070	0.864597529323578
5075	0.9121193442933175
5077	0.9125906912623464
5110	0.9005678469140664
5144	0.8806709787427577
5155	0.9546722608941145
5171	0.8641826125911554
5187	0.882937466971992
5196	0.9068595962666132
5239	0.8425318801322811
5250	0.8860227333703472
5258	0.8857145183266836
5263	0.8983522761785905
5265	0.891598427897611
5290	0.8937542598301076
5297	0.8937505033856957
5304	0.8818454041085594
5308	0.8262090862586626
5321	0.860100342042095
5346	0.8417259364890449
5353	0.9137733776417366
5366	0.9051584971610147
5370	0.8802840634161249
5372	0.9130044441594384
5385	0.8883046086507181
5392	0.8970684126114065
5394	0.7785482213193038
5400	0.9071987066996642
5420	0.876132889348959
5423	0.8700182744788559
5426	0.8631630272162892
5432	0.774337787514827
5465	0.8896528340007027
5468	0.8712788889884656
5472	0.8699037769182184
5494	0.7995386028516935
5510	0.7868805833795586
5527	0.8476555347907591
5555	0.31554585932865303
5586	0.31569015176449566
5598	0.9108051121188335
5611	0.8673985565514468
5615	0.861792953210687
5628	0.31554588986386284
5815	0.3155571888494787
5820	0.8203170877821331
5861	0.9086490834440275
5885	0.38002769320040897
5886	0.8817960545578023
5903	0.8643149861184161
5913	0.8391602178972288
5920	0.8673421561006158
5938	0.9017488359044493
5951	0.8887985696225704
5958	0.8292104936092253
5962	0.7919822187369209
5964	0.3155458509126739
5970	0.8934990896287308
5971	0.3147286889438275
6001	0.8464703123785259
6037	0.8687002530982755
6084	0.9101945195462626
6088	0.37176635398614205
6101	0.9365197350478435
6107	0.791235409673016
6151	0.7905729085099349
6155	0.885398515812568
6182	0.9356670644815407
6189	0.8762593365449914
6198	0.9175424931468357
6203	0.8951291631355642
6210	0.8946826106088914
6216	0.8589643050496221
6217	0.8933436884835877
6220	0.9142670139144408
6229	0.8733869071990912
6231	0.9321042357752932
6235	0.8680449979331877
6238	0.35277435679996844
6239	0.31565367831262037
6243	0.8498012747661037
6251	0.8816457776743932
6252	0.853604618456252
6256	0.894884542587212
6262	0.8047509796357271
6263	0.8167487786411812
6267	0.8117464763122946
6281	0.8796344283812941
6301	0.8956207650842011
6306	0.3155458590327598
6394	0.8738383903666196
6402	0.315845233434704
6440	0.8460524300781757
6451	0.8404655102499825
6456	0.8982690643584019
6487	0.40531450005109415
6504	0.8052779508355183
6508	0.31554601754663614
6516	0.8911418123094568
6521	0.88324509540493
6558	0.8935510686782069
6578	0.3155466691156242
6625	0.8203268627188083
6627	0.8347237580561678
6629	0.8073538986841993
6662	0.8995804431472929
6663	0.8486609191927428
6688	0.9028013456084839
6696	0.37723354843661366
6707	0.84697810229575
6727	0.8215556142051555
6738	0.8660866988181551
6745	0.8869702232208333
6762	0.9049855768625118
6797	0.8981662514438068
6799	0.8959022594328004
6807	0.4023144442801076
6815	0.9120458682088038
6822	0.8874213521629514
6829	0.8735506554724504
6844	0.9067192776936365
6861	0.8959025782213601
6864	0.3155458639004458
6893	0.9007914050726866
6955	0.7882087258846009
6967	0.8822320769361495
7011	0.8878727414789725
7094	0.8884714584743403
7103	0.8112167553283413
7140	0.9114569464357744
7154	0.8319818370770675
7168	0.8507429867776742
7181	0.3151770162646878
7213	0.359850068924373
7223	0.793374041948916
7274	0.8658959481060324
7286	0.8712433714875341
7302	0.7131002780241086
7307	0.9025842825509119
7349	0.9419479677251651
7378	0.8757511035907357
7391	0.860859931359733
7427	0.8944084413709154
7449	0.8294291070284057
7462	0.8889745790583736
7466	0.3614177680636971
7468	0.3464696554616318
7502	0.8959022620473323
7510	0.8184847166918067
7536	0.8438350904227203
7582	0.7877368754993469
7653	0.7607620026593777
7654	0.8459410959531395
7704	0.8774910813744228
7739	0.8340581867390342
7749	0.8935526186663111
7772	0.8738818036688749
7833	0.9001066099152951
7839	0.350011912982714
7895	0.9326770244558003
7931	0.85543554298528
7935	0.7905195688343117
7937	0.8781158586336225
8020	0.8231807456477149
8053	0.8497933480948716
8082	0.7394013422120886
8120	0.8562587114530135
8137	0.8727898649302208
8142	0.9019020911107238
8156	0.9121973962839518
8169	0.872430343251989
8181	0.8811203203346295
8187	0.9015556616013309
8234	0.35967920084177546
8240	0.7759696007088454
8258	0.8714203884009313
8261	0.9246088575801149
8345	0.9022389149998452
8387	0.9056888708538724
8435	0.8008679453710753
8460	0.8308162959050713
8467	0.8107248766443615
8487	0.9594157274988926
8493	0.3765189360204229
8507	0.366606350956157
8540	0.8617673112889297
8582	0.8537260900720403
8619	0.3155465098911191
8630	0.38052691719336157
8643	0.8761370676158289
8669	0.7953683186521519
8779	0.852488902240822
8830	0.8754277942798473
8834	0.8676803689003658
8839	0.8793399719550058
8884	0.31554599594643135
8887	0.920856581316698
8901	0.7902927827668983
8981	0.7490650671336256
9009	0.9117321333596607
9032	0.8987549191779584
9038	0.8940403461358221
9041	0.7984657631857999
9044	0.31581828415727964
9067	0.8991730783009642
9069	0.9531100585679119
9074	0.9180905146774976
9104	0.8947834316770732
9110	0.3160698799395046
9151	0.8832034887150845
9158	0.8577285436007548
9164	0.9098758054351876
9169	0.38208220683800254
9182	0.3165170474632491
9194	0.9502166101782104
9199	0.8840296723128588
9207	0.7733906638928293
9214	0.891137640404291
9219	0.7401633998175755
9236	0.8808241010371951
9266	0.8994599361385375
9353	0.9078190660063624
9354	0.9177988134730154
9368	0.8486194829010091
9388	0.633666778993279
9410	0.8704715610888561
9444	0.9044268599780956
9447	0.8937965345983273
9471	0.8991248217942985
9491	0.8601751963947826
9500	0.891359331042581
9503	0.8959711496041817
9526	0.8959022616665518
9527	0.880074771069807
9531	0.3155458614193084
9547	0.8896738312066144
9548	0.8819739419405337
9554	0.8438221728527067
9562	0.8794154237597529
9577	0.8500567372129634
9594	0.868244218959693
9602	0.8020403752330295
9604	0.8448269566181411
9688	0.8959022654743579
9693	0.7493000055369299
9697	0.8380015026373216
9715	0.9080778756385107
9723	0.8503058693009604
9728	0.7581947454204139
9743	0.8662525878013196
9753	0.8582127260949146
9767	0.8781077617340531
9770	0.865283980413397
9801	0.7638273831467032
9816	0.8660745946779949
9841	0.9056889598959023
9878	0.9073641948663635
9896	0.9587141016370657
9903	0.3358110597479463
9907	0.7609195037586738
9913	0.31554585800198426
9930	0.3155462777871448
9934	0.7798264238841615
9940	0.7821330135241172
9950	0.8865226695685691
9954	0.8488310799862642
9957	0.897665600678021
9967	0.760924219932731
9968	0.7613026779109251
9976	0.8598621530674877
9977	0.8072995591708474
9981	0.9046067277256133
9997	0.8792033367383914
10088	0.8829058451550583
10126	0.31554600580792164
10162	0.34144675924626394
10176	0.3162845027487481
10196	0.7784863285034512
10203	0.8462954229567533
10211	0.9169825335933749
10212	0.7623786711072735
10213	0.8319532267303155
10230	0.8911972511679701
10243	0.8791074970009686
10261	0.8760384880527486
10267	0.849956873395715
10289	0.7696255471686857
10303	0.8912432916478801
10306	0.8871667870437986
10307	0.8892763256022741
10317	0.8853185496086836
10349	0.31556561900242047
10354	0.7758996443541706
10357	0.3155460453654491
10431	0.3155458594960025
10469	0.4535292843204761
10476	0.3155574318238907
10477	0.3155458983065209
10568	0.3165795407022198
10597	0.7883149421484125
10625	0.34576886712312704
10721	0.3602361416926483
10725	0.8240531823925852
10737	0.31554585769881505
10756	0.3155458720957177
10761	0.3155458594741743
10764	0.339082362765321
10786	0.3517596286529109
10787	0.3154240250787513
10789	0.3155458574029218
10847	0.3159325497036811
10866	0.3155458579364997
10870	0.38591319141231084
10938	0.36538386240867526
10971	0.315659900054419
10998	0.877498548785429
11028	0.3482022977177994
11053	0.7299073307396126
11055	0.3637725034613682
11081	0.37801842395900576
11088	0.89199898794941
11098	0.8626501903503474
11114	0.8392288424583673
11122	0.3851402923303284
11127	0.8141525530028458
11137	0.3155460107483682
11152	0.9031717147514113
11163	0.8797473924656395
11165	0.8497933559239148
11185	0.9190680090993155
11194	0.9452844220945584
11226	0.7155017616855383
11286	0.7916290022059941
11289	0.898446508459141
11377	0.8911765883286683
11388	0.3155625945177881
11560	0.9097517325615051
11574	0.7892956653594266
11590	0.39315263326339084
11593	0.3155460430856162
11602	0.7581977083592574
11621	0.38439400671364926
11628	0.38891111599543293
11636	0.794652077077019
11651	0.3661107271056628
11678	0.3763983639927714
11684	0.3155458529208672
11732	0.7251945629783662
11784	0.31554585933350376
11794	0.8852160759332351
11802	0.8682852893236822
11820	0.930505890345013
11827	0.9373248478399069
11840	0.8926071560408804
11872	0.8275574754752801
11895	0.862425013522442
11913	0.86614490498644
11925	0.8499690602016489
11941	0.8528952322321579
11965	0.8410593848170534
11968	0.4137580273807983
11992	0.897493298679922
11999	0.8853360048854891
12046	0.8896803377019767
12053	0.8951072491481799
12060	0.9123461777812565
12068	0.8710452128825976
12087	0.31554599238116066
12096	0.40144902480777517
12172	0.3155458558652472
12273	0.9007382794927826
12285	0.909019832329517
12295	0.8726999894056342
12312	0.832155176297305
12324	0.31554606646360556
12350	0.8214725372783186
12381	0.7905441840769452
12386	0.8516713362855725
12399	0.6989147495355527
12422	0.8323262449494211
12459	0.8774340499361597
12502	0.8727048939812079
12506	0.7585886411081181
12523	0.34500076850353734
12528	0.8921019064712045
12534	0.8159423568296578
12541	0.8711418618928164
12552	0.9035849414679036
12578	0.3149822295399967
12592	0.8049189285619754
12603	0.33622741916110055
12612	0.3504271130425922
12622	0.3558521263532184
12638	0.8860372500467387
12688	0.8608364488036057
12730	0.31556095711506693
12778	0.7585558398753782
12787	0.4055441360164412
12905	0.8688754315204072
12908	0.32082899065628845
12919	0.4034956451979431
12932	0.910185337012059
12964	0.7365986779889584
13104	0.8441702057492275
13106	0.8698871334001972
13152	0.3155458589187682
13155	0.8853871029371683
13181	0.8866336138203385
13218	0.8067386532271895
13269	0.781407847339076
13292	0.901350792354116
13360	0.31554596153550557
13377	0.858619666989324
13420	0.8895705835933554
13471	0.3576517072995244
13473	0.38372556424762816
13494	0.7912362553552298
13505	0.36521166000047167
13584	0.719863744500821
13750	0.3155635599009343
13758	0.3895742734520922
13769	0.3155459969553787
13826	0.31554589474852623
13832	0.8340031996100218
13841	0.8473617969969285
13876	0.4015785204727678
13891	0.31554585890421605
13982	0.8394205418380951
13987	0.31593800035503533
13989	0.31547963850698596
14010	0.8697157306506854
14011	0.8756825152813671
14030	0.8830550357805169
14044	0.31554582960351163
14056	0.8558053573623827
14058	0.31556157025674253
14102	0.7578195411131254
14109	0.37983652599190587
14142	0.7277857914411034
14143	0.8473345315915579
14145	0.8050416496596281
14162	0.3155458624209797
14169	0.8013893312662711
14186	0.36636957873281933
14202	0.8512254772962172
14236	0.31554587286940566
14295	0.41634202543329374
14301	0.35616818731594535
14302	0.3629990691109837
14358	0.3154074221320556
14371	0.3911955700433883
14384	0.31591295263293717
14398	0.3240590018748329
14404	0.3155460282861046
14407	0.8828812599189071
14411	0.8712523451720596
14436	0.8677090444673182
14532	0.8769880461943882
14533	0.8450498588542625
14535	0.35327902116804955
14591	0.3817710323213264
14687	0.37129135518793066
14695	0.373963028893542
14712	0.31554586447040406
14720	0.4085089092863432
14787	0.8861302190136294
14829	0.9464322500897074
14846	0.8637124716101136
14849	0.41995895418796864
14856	0.9075401191407035
14872	0.7371623185267846
14882	0.8676323679362976
14884	0.8284181917103949
14887	0.8942134604820661
14903	0.847148243373567
14916	0.8958762896080023
14964	0.8112216309015292
14972	0.8408967563103386
14975	0.9334316501962722
15018	0.8306081655071583
15022	0.8497933536077016
15030	0.9092416563186332
15100	0.8953587085818409
15144	0.3565690884089291
15145	0.9057871750422335
15174	0.90269772959847
15198	0.8728850362691227
15243	0.8621306655919496
15270	0.9240191549303368
15298	0.8560649168412975
15312	0.8581457693310367
15325	0.8710369916569451
15332	0.8796424264864846
15351	0.8609023821577374
15358	0.935426091736283
15369	0.9115792017150434
15383	0.8734742843226312
15390	0.7966078018507387
15401	0.9111172264408703
15402	0.7684985840521216
15403	0.7756974876570795
15420	0.7775811798855922
15423	0.8328178031858986
15433	0.31562313294307903
15442	0.8492979883145203
15453	0.34975957007982045
15464	0.8203817197615213
15466	0.8308745393534761
15475	0.33710945373115353
15501	0.4122111479187326
15511	0.3164113223045644
15540	0.31554600077531164
15541	0.431420938880476
15555	0.3637579841146617
15573	0.33932615045430725
15578	0.4042393489498604
15593	0.36684955763456045
15638	0.8711091786317315
15647	0.31554598271854944
15667	0.9063917798202494
15677	0.8639721794455212
15688	0.8330457179937669
15700	0.3516959455642601
15701	0.4296752396813141
15702	0.3163231740056926
15703	0.862024384200101
15724	0.7904049230990827
15726	0.32186058797632455
15727	0.3157881887297534
15728	0.8491606627935855
15731	0.8749640388684313
15739	0.7753927376709198
15740	0.8585255541065371
15741	0.8658547836892315
15742	0.877025248409426
15753	0.8974038288904186
15755	0.8550424119196004
15765	0.3156133627431205
15766	0.3264905833624643
15767	0.37709543649214494
15773	0.31584786773319895
15774	0.8018691472351406
15782	0.8176544659665945
15784	0.8538167585419385
15792	0.3899145061571786
15793	0.9148148180120963
15797	0.3379646684503852
15799	0.8959022642859343
15802	0.8821399000681216
15818	0.9306004596455107
15822	0.8510129819591955
15823	0.4694501502522124
15825	0.841996135943601
15829	0.8500858743830338
15832	0.8301186201546167
15834	0.8185252522797407
15837	0.8988732664209004
15852	0.8105786776593884
15853	0.8419529831801729
15865	0.8998694175623967
15879	0.9256149184497732
15885	0.8902922498200453
15887	0.9137379367407676
15893	0.8720435414367846
15895	0.8753002400041984
15900	0.8923739245727776
15901	0.8793922341209315
15906	0.890342837742119
15908	0.8711989831104169
15916	0.7587979683746864
15921	0.8235777215013339
15923	0.9300070871776979
15926	0.8959465517343604
15929	0.8794536033779923
15939	0.8384136186094874
15941	0.9008160904274605
15942	0.8848931548172682
15947	0.9272598628656846
15958	0.8452878149875878
15967	0.3165997911439899
15970	0.8886103571430869
15978	0.31554594343266157
15979	0.3155628315840371
15996	0.3155459257057476
16013	0.3634441421715774
16015	0.6541710274670498
16027	0.31606795392205567
16032	0.3981197482499663
16036	0.31554581414915445
16064	0.3155458507162202
16068	0.35983775262877676
16075	0.9115879698410967
16079	0.8896265295352294
16080	0.8959022637450803
16088	0.7731688413322468
16099	0.7906380440049877
16113	0.7587972288162722
16116	0.31768109539072875
16118	0.31556428909823514
16121	0.8602363947371309
16122	0.7609188146379261
16155	0.3150034356368173
16160	0.3164194525236502
16167	0.8491986219447003
16178	0.3155459961622879
16194	0.34192863938318463
16207	0.8446526608915541
16219	0.848555985640574
16221	0.7909851308557116
16222	0.8653787690435284
16234	0.49446591891476793
16238	0.9214927210985183
16239	0.9094629600498646
16240	0.9099394737340284
16242	0.8944747727038478
16243	0.897578314126909
16244	0.9184063434562136
16258	0.3775996308120244
16268	0.31556393493345863
16298	0.391983212232833
16306	0.42831264516255674
16319	0.3369805581812589
16321	0.41918100854289997
16347	0.39501089052077204
16351	0.9262155058128371
16352	0.8625706789076567
16386	0.8795086481091675
16397	0.8965208433559504
16400	0.7615908719925596
16401	0.3155458669709443
16413	0.3837470848546836
16420	0.8500462753286577
16433	0.8685203708641172
16457	0.3155458615575536
16461	0.3156524269996134
16466	0.9185801341755434
16491	0.8570224371710565
16492	0.777047327034221
16507	0.896779843278966
16536	0.3619083443179041
16560	0.3155458607305078
16562	0.3155458710625168
16567	0.3660265465868687
16575	0.4243377296223493
16577	0.3151569490996606
16609	0.31558942813734536
16641	0.33657511527535877
16645	0.31554586610024205
16647	0.3158311637826264
16666	0.742840679790119
16673	0.3155459429063598
16683	0.7670050448526149
16694	0.31486258709726306
16719	0.31554604245017337
16812	0.764828815213265
16820	0.3185789032471538
16826	0.8711756936512919
16827	0.7756225926991113
16833	0.7041762880921427
16862	0.40546247386663514
16872	0.3436535655106952
16880	0.31550001527575644
16885	0.31586816211026086
16890	0.3155464750654577
16896	0.31555551397503473
16898	0.31554585788314193
16915	0.438875781766636
16928	0.3722685619675876
16935	0.31554604942306674
16943	0.33693297430535746
16945	0.330746422645458
16953	0.40669668166026274
16959	0.8556260148883822
16973	0.7903803415082389
17013	0.9153204848785194
17028	0.8887831832238541
17043	0.82299467475844
17049	0.3155458615187479
17055	0.9578466048949182
17067	0.8311212602149334
17075	0.8270365780512766
17097	0.892969784066726
17107	0.8928417574824458
17112	0.8658380231672715
17120	0.7855541646149973
17126	0.834633433513626
17127	0.8857139410608477
17143	0.7855541101997499
17144	0.8197972001325343
17149	0.3157855755876233
17170	0.8662153809708326
17182	0.8298582525088675
17186	0.8579450130650063
17199	0.8228280941927937
17206	0.8900223402244237
17208	0.8529645083525828
17247	0.8247337317636705
17255	0.8031587066327378
17297	0.8615464508760708
17300	0.8173561453374061
17301	0.8393274605797288
17302	0.8750291370760882
17306	0.8322758033877735
17322	0.7902901820134777
17324	0.8142962282151417
17331	0.9020496756738886
17332	0.7714479671227774
17333	0.7609189859552475
17338	0.8812450745363964
17340	0.8716944961246482
17347	0.8393384406676441
17364	0.890962873407124
17378	0.8929489878014123
17389	0.9034781418966986
17397	0.853292448062451
17407	0.8888042304987783
17443	0.8758655161596852
17446	0.8303608838092145
17451	0.4027662375970841
17453	0.8903008718039543
17460	0.40167872484613
17465	0.8748490900609381
17466	0.8067689230692143
17467	0.8054556581114446
17472	0.36500976472261126
17474	0.8558721052838588
17476	0.3155458650670412
17478	0.8567355952438068
17480	0.3155458589575738
17481	0.37370358816482085
17487	0.9047096948272527
17488	0.9180247995761422
17489	0.9056996180617001
17494	0.9307497101456894
17497	0.8882428029220598
17498	0.8929095744491332
17503	0.7708088578924628
17510	0.9083426279317971
17522	0.8190737749710483
17543	0.8839171873426892
17567	0.8093008806234591
17573	0.8899911601566584
17583	0.8886270835863944
17722	0.9028534873022144
17740	0.8846829851718186
17767	0.9244574780166822
17804	0.6010874983351335
17813	0.8964383382282005
17833	0.8570523411508215
17875	0.31554601150265343
17887	0.8807704017130694
17897	0.8794871825382502
17920	0.8786552537856336
17957	0.8912598243029598
17986	0.3151348397136126
18007	0.775850871230077
18016	0.4796663708475195
18111	0.8663709367080544
18115	0.9076113273734926
18133	0.8882126110745762
18156	0.8718432019120953
18160	0.878886062712919
18163	0.8948212190039679
18196	0.8412481156044369
18223	0.31554613777872126
18224	0.3667313540987072
18225	0.8480437437504048
18237	0.3389941631289762
18273	0.8874729898462451
18275	0.8858626448206985
18279	0.8908226353898626
18286	0.9083882522645783
18344	0.91713669426927
18357	0.8575134387523585
18359	0.8804182862177761
18370	0.8598823958596907
18372	0.8917371341363277
18380	0.9019984924849997
18384	0.8670767804840167
18386	0.31528452566431464
18399	0.889212614064218
18408	0.8738210062036256
18409	0.872094707012751
18423	0.8697584548637227
18426	0.7986301808617765
18455	0.6327617061677396
18507	0.8928279553905958
18529	0.8168282565145438
18539	0.8838450059656203
18541	0.3620090589518409
18555	0.31553474783504576
18586	0.9033028614180864
18593	0.8535839849006772
18606	0.8479652593603423
18619	0.9103622645438768
18628	0.8775161036278762
18635	0.3155458877513792
18680	0.8657773834203824
18683	0.8201953141127292
18692	0.8612661049229973
18721	0.8486181572242162
18729	0.3418801368097804
18738	0.8941404607419734
18741	0.7786798960049972
18754	0.8976288808974687
18758	0.8404279941965331
18772	0.8181893596684341
18846	0.8517892832407765
18880	0.4060947440782466
18886	0.8404379578524463
18904	0.8758598313767605
18905	0.8173981471247317
18917	0.31554586046614413
18931	0.4436424985543527
18936	0.35253341653990516
18943	0.4201264045026189
18944	0.8534820674874971
18951	0.8886545277888787
18982	0.7147515132728843
19038	0.9048332757226809
19043	0.8684592804063754
19100	0.8801144470661207
19120	0.9239715960040543
19121	0.9126516792246181
19130	0.8706544266421097
19141	0.9238842522824927
19149	0.7974920543029431
19182	0.9299545893910343
19186	0.934133349723383
19193	0.9099332859011071
19197	0.8957223648899694
19201	0.8696686151082601
19230	0.8910267716077171
19238	0.8716926736819517
19242	0.891765392918283
19244	0.9285983582887175
19254	0.9314805519506669
19260	0.876787774257045
19264	0.858113426579984
19324	0.9062272010304167
19330	0.8872697197636165
19339	0.3155458657412896
19342	0.9239495288240205
19425	0.9149419438780249
19428	0.8929640438426292
19457	0.3155460690732867
19460	0.864430373480886
19472	0.3155458605680091
19518	0.3155458662530394
19558	0.3155463081016473
19597	0.7767621003225521
19600	0.8115203716335995
19628	0.8920549094994965
19648	0.31554586479782687
19660	0.3156410365878445
19664	0.34177997959258044
19689	0.3157483887275032
19690	0.31554586447525473
19694	0.3944656584069852
19737	0.31554599205131245
19751	0.4370436364719376
19768	0.3155645863860297
19782	0.7922370994092109
19798	0.41770648793077325
19879	0.8600227743631702
19906	0.8750816297889108
19971	0.8161793639776567
19977	0.8267597646751434
19986	0.3155461007726664
20038	0.824244157736166
20081	0.879381093547327
20083	0.8956831742264394
20105	0.8956512435915771
20112	0.3648055542622385
20113	0.9305058903425877
20114	0.8722376959953217
20116	0.8819903691096818
20120	0.8457571696954679
20129	0.38292125850188546
20130	0.8003062009072748
20132	0.859430809988112
20134	0.9103538925193999
20178	0.8626947041182782
20272	0.8502080852783205
20329	0.872739433923715
20390	0.37561867407902344
20403	0.39614988132790585
20405	0.8385692307968288
20412	0.8524434442412591
20415	0.8342153416602451
20424	0.8501314771034835
20427	0.865768412983406
20438	0.8682507556604172
20444	0.31554604970440786
20506	0.8543674683473539
20514	0.8555096021176741
20572	0.8247734699145371
20587	0.38915538876254097
20593	0.3535560475218137
20596	0.8286519407272619
20623	0.8465469598562282
20630	0.8784494280199419
20632	0.878566704139144
20653	0.8776300906757023
20668	0.7292934403619652
20673	0.7895668123707753
20674	0.7063556994639665
20695	0.8970039923193606
20700	0.8048963805384886
20737	0.8830397134572342
20749	0.9123931079077766
20750	0.9251681927164283
20758	0.8291170471410193
20768	0.8793392030425297
20771	0.8254932193158704
20773	0.8557586016358091
20789	0.7852535611939021
20812	0.8848851820715816
20821	0.8697335882428249
20822	0.8911404862688607
20828	0.9028818212944043
20832	0.9017497526640941
20849	0.8971067799496381
20867	0.9133054202095316
20877	0.9283432180671447
20880	0.8619351008136221
20889	0.8757861452881002
20902	0.9501018042604616
20917	0.8386830584333976
20928	0.8642386964993045
20929	0.9170361913711828
20955	0.9662667268068864
20962	0.9118242394194719
20963	0.888358847783509
20976	0.8886011414324625
20980	0.8768988055984341
21005	0.9132384589684499
21006	0.8857953019525543
21014	0.89522170328285
21015	0.892113875017086
21016	0.8867531137274293
21019	0.9154110260245967
21023	0.9126232004897133
21031	0.9237526732964264
21033	0.8512028607928537
21041	0.878651345368526
21065	0.8366507293508555
21101	0.37383630084149005
21110	0.882001661956726
21172	0.8075954837950193
21173	0.3155818396575067
21177	0.8099296757851071
21181	0.3156261817685665
21217	0.6423217080629327
21218	0.8318714083125114
21222	0.42023145719546345
21223	0.8325912345757455
21239	0.7882371933464593
21243	0.8198945504193761
21251	0.31556425402033694
21279	0.905574418346615
21329	0.8959022650280928
21402	0.8696285470267563
21406	0.8640967787180853
21435	0.8983925779963319
21442	0.8496352362671271
21462	0.8958502485432743
21466	0.8495679530554209
21478	0.7884140523256401
21504	0.8099837159515384
21528	0.9147033746103002
21536	0.9164083212202347
21553	0.9047651849043968
21564	0.9037386263450823
21566	0.9352926972125037
21587	0.8549188972193653
21700	0.4001373221661849
21781	0.8856955139203494
21797	0.8573567863257379
21817	0.8035020905350883
21832	0.8072449637171402
21837	0.8768302004183013
21862	0.3162044161963616
21869	0.31554589172896014
21875	0.3155458874748889
21893	0.8668074412371207
21912	0.3155458639271247
21917	0.6673107825565229
21924	0.8260274732868761
21941	0.31554581747188976
21942	0.8267082089421437
22015	0.8514024613387887
22022	0.7905090032661128
22029	0.8940770399553825
22037	0.8659260911068817
22057	0.7908282794506047
22079	0.8973035037247145
22084	0.8872040391629249
22085	0.8581419913955611
22107	0.8829162881798093
22157	0.860035738657633
22194	0.7918818617311663
22217	0.8289241240585171
22288	0.8708694227643012
22292	0.9012783285979049
22294	0.9070583827569533
22311	0.8669527732016139
22329	0.8657608250516973
22332	0.885997244633963
22355	0.7850642054460919
22357	0.8651502427335239
22358	0.8833594626124792
22371	0.7904557378014782
22380	0.9040819797922597
22381	0.9409493283011998
22383	0.9567440246429487
22385	0.9182024666785011
22388	0.8620881639221403
22390	0.8802370283590797
22393	0.9154031252488716
22412	0.8921088310758076
22429	0.8691696487655377
22433	0.9315354101721021
22465	0.9124849313701638
22481	0.8828817843047448
22486	0.31554608403529694
22490	0.8708985994749222
22531	0.31560704547389495
22543	0.8859439594148182
22547	0.8792853875342349
22552	0.6183239392532743
22559	0.7074953765905638
22561	0.8454450575077429
22585	0.3155460667594988
22662	0.9004572268860757
22675	0.3415667486965538
22684	0.945134630541508
22696	0.9055011708274837
22707	0.7623132060138572
22710	0.8938705237689535
22711	0.8938464002862925
22713	0.8815501607421368
22721	0.8702313297113264
22722	0.8587763172767825
22776	0.8984377148329131
22779	0.8449391896788936
22783	0.8960235055779583
22814	0.9280021191225422
22856	0.8275076916211922
22862	0.883951012516328
22866	0.8967411273227428
22867	0.8502720652812613
22881	0.7905090242308748
22926	0.8142951303664235
22937	0.7582280639812105
22938	0.8179587309401171
22942	0.794263889038479
22948	0.8818428545834708
22981	0.7589363705806983
22983	0.8476869683880779
22999	0.881414115260104
23029	0.8410888631471513
23044	0.8998261875659886
23045	0.8023829291209545
23046	0.8878423105788747
23061	0.8983267042622577
23066	0.31496249741582794
23071	0.8895550302963133
23076	0.8947819285007312
23079	0.875359048421893
23081	0.8923982368159074
23083	0.8801869647428069
23084	0.905268879106533
23093	0.8513885417458026
23155	0.8151510269667205
23182	0.866847195907075
23190	0.7659555311110471
23201	0.9228663541416756
23208	0.8901804372065749
23225	0.8004267070768575
23233	0.8788658909738936
23299	0.7905528320606516
23300	0.8513360233290758
23325	0.8080503257749845
23337	0.8960370516421399
23340	0.8483567444860538
23347	0.8597036215370452
23362	0.8982357938414471
23382	0.8960974268580687
23402	0.8828024969187032
23420	0.9036401640745579
23441	0.9035818908816089
23443	0.8740539837007604
23453	0.8920889242363962
23456	0.944792925076447
23463	0.8954067658796114
23464	0.8917426685982228
23466	0.8563868737819447
23471	0.883833934201741
23473	0.8513223737750294
23475	0.8006893488584241
23476	0.6975202881275184
23489	0.7913033149735299
23492	0.9147960107337033
23503	0.8677269231066818
23559	0.8618369916770989
23562	0.8263984620981075
23564	0.8941759802438223
23569	0.9289063100626052
23585	0.8975951383750516
23586	0.8899330832549032
23588	0.8477290314034709
23613	0.9026005970162742
23642	0.8533915390454252
23646	0.8866223908550255
23654	0.9158075267658745
23680	0.7583283894913151
23731	0.8734030079786194
23743	0.8826020835468283
23755	0.8671960966608233
23769	0.8820697235955733
23771	0.882878996774795
23772	0.9006323369447479
23794	0.35416530489322573
23821	0.8965928283254085
23833	0.8865015096068365
23836	0.8800362664904811
23841	0.8704083825393693
23846	0.8343499777980399
23850	0.7980874688632331
23857	0.810904893398367
23862	0.821106179147408
23912	0.9087610462087528
23914	0.7526884811011797
23916	0.9976878447832799
23917	0.8827280169509704
23925	0.8976774913409276
23926	0.8491753050742217
23936	0.9049149785844829
23937	0.823004884954036
23951	0.8558184951982166
23971	0.9096280810906945
23980	0.9072420769058
24017	0.9150344004500293
24025	0.8545911885317633
24026	0.8893389640787319
24028	0.9595522932921675
24029	0.8960360307159564
24036	0.9293987902805151
24047	0.9011810447415154
24070	0.9011185833304682
24074	0.886123471324065
24082	0.9043779027865934
24084	0.8789860499515935
24089	0.9367183958466263
24091	0.8858970465689472
24104	0.8310004717996031
24143	0.7892135587901374
24145	0.9158075296568969
24195	0.8796295161682801
24206	0.8296755666161536
24207	0.9168205672301926
24217	0.897365971924328
24225	0.8430859857270835
24229	0.9095607867732911
24234	0.9132182231636924
24239	0.8890308381716867
24258	0.3150963018923818
24259	0.9386975127010593
24273	0.9053416654712366
24277	0.37971478713361123
24278	0.9029141760097293
24340	0.3682588844170144
24414	0.8762354778528036
24435	0.31554586259075446
24473	0.8654696866991708
24513	0.8039042862918603
24625	0.853081139339687
24643	0.9117435537706361
24690	0.4166516330741243
24703	0.8998996547931086
24740	0.3384845736086161
24747	0.8751340890973295
24776	0.8487755264521522
24779	0.8823060971294815
24819	0.3155458847221118
24857	0.3835564595406504
24862	0.9000217355050818
24865	0.3823744262606467
24888	0.3156599113007865
24907	0.891500389751206
24921	0.38888130925539505
24950	0.7911465260916297
24975	0.9297238079769671
24980	0.8101795285428596
24987	0.8945069356124591
24990	0.9028986855293617
24995	0.8635213055196986
24999	0.3155458602648398
25005	0.9052954457212687
25076	0.9631052658633056
25078	0.8927636955939405
25104	0.34245794085361697
25143	0.9346511868523988
25159	0.904678116618188
25187	0.450468920503746
25250	0.9496188058945714
25269	0.9063288666724251
25343	0.4072606972039345
25361	0.8941086618887333
25380	0.8888074342316404
25389	0.8928813544413158
25421	0.8885418278619892
25431	0.7559412706136176
25558	0.7705048967115349
25559	0.8477985342338824
25564	0.8959678487989422
25602	0.8695277741673407
25622	0.8918332662841577
25623	0.8960463073759595
25625	0.7660015545091874
25632	0.8956400986377828
25634	0.8850408662701156
25641	0.8919639295534816
25645	0.8642439692509262
25646	0.9024865933668984
25653	0.9311648954448618
25786	0.847609466082151
25800	0.8285771535835652
25835	0.8747686574881145
25888	0.8967844739107795
25894	0.8964357813082069
25926	0.38335863800174325
26006	0.9062814171611479
26013	0.37980327508636524
26030	0.34728016143385565
26038	0.3729833413160592
26039	0.8046159428318391
26042	0.8012565200668624
26053	0.8683561123665635
26089	0.9148148300030476
26109	0.8880657606030768
26119	0.8138311119301924
26121	0.8541537469598148
26171	0.7905090242648297
26179	0.9005343098894876
26206	0.8583497458247629
26208	0.8843354041042384
26211	0.7281482007582061
26215	0.37405255387925684
26230	0.8540163019441025
26260	0.8468768950675186
26351	0.31554610517468434
26360	0.8870299955058278
26393	0.8519309700021549
26448	0.8945551943383236
26470	0.856172712061644
26472	0.8456873199229847
26474	0.8513731447191839
26535	0.3825353204232319
26539	0.8998377657268538
26542	0.8870251377492923
26591	0.8773909264128023
26605	0.9038130471923805
26663	0.8037990701301408
26688	0.8526780789295805
26698	0.361167096074644
26710	0.7581962152651127
26751	0.4505709578506929
26801	0.41034736146490036
26805	0.8877585727502867
26816	0.34064869268304226
26827	0.3417799088425722
26874	0.873153928001783
26895	0.8468660807477143
26944	0.3155459131011817
26947	0.8655615535826747
26954	0.9109342351669548
26956	0.862555656491551
26960	0.8773853748279066
26977	0.33267278583835613
26978	0.8683958283787968
27020	0.9108262725195552
27082	0.919089500847081
27104	0.8094795628699569
27106	0.905437023460549
27123	0.8881088736610309
27199	0.900577343019893
27202	0.44277154738260355
27213	0.91119282927485
27216	0.31554587725929684
27217	0.7922558611467277
27263	0.8649683052541925
27298	0.8621866024314693
27299	0.9208288394213852
27359	0.8101816788352394
27381	0.8803135651921222
27395	0.8673384816695573
27396	0.8822600993309551
27406	0.8962681893649967
27421	0.4294616015149547
27422	0.31554579308737835
27424	0.315546147882747
27431	0.3196984757467024
27434	0.3934014759532708
27483	0.3753107588964551
27491	0.4802834294823728
27495	0.3155996565837318
27521	0.31554596986902267
27546	0.31554588468330613
27565	0.42711321726870766
27570	0.31554602595048853
27631	0.31557118323796396
27632	0.4122214399797349
27640	0.3155459931694008
27646	0.3159884130695197
27689	0.8651933053829156
27692	0.3155460094677812
27697	0.7905546858680291
27707	0.8611274625147531
27708	0.8397238879491907
27715	0.3155458707059898
27791	0.8512498746498777
27858	0.9162015075835125
27883	0.888386600100569
27895	0.8946120564989883
27917	0.8740382269625803
27934	0.7905090225234255
27955	0.8357179189907902
28008	0.8962739402606521
28040	0.8504258398965465
28043	0.788959285324681
28129	0.8505692695101973
28138	0.9103167061467758
28161	0.8602220615751671
28167	0.3156877195707687
28169	0.9082921626841401
28177	0.82779149010239
28178	0.31761317641121706
28179	0.852854610614484
28191	0.8891106969760353
28194	0.8864823778305998
28196	0.8675180688108668
28202	0.8992933431259731
28329	0.3155458916198192
28349	0.8178305692805837
28376	0.9186320331204199
28399	0.3493680538513662
28434	0.8996247570854379
28456	0.814899536684979
28461	0.31554586499670584
28493	0.812679796704951
28499	0.8377911661396282
28503	0.31554586608083923
28558	0.8959914092477459
28564	0.8737395171004184
28587	0.7283547596138922
28599	0.8885194840994103
28600	0.8580898376890511
28601	0.8407832245936644
28610	0.7608924486412162
28614	0.8375340615969868
28623	0.8755217448821827
28638	0.8034968982154889
28648	0.8654612906806644
28653	0.9238734674501449
28689	0.7905090167462315
28730	0.8724144574097777
28740	0.888132382001099
28752	0.8165581549909411
28773	0.3585795127956186
28775	0.9215072280904705
28781	0.7617043056182072
28799	0.7887755479172163
28812	0.8623409861453646
28818	0.8940814626300484
28819	0.8736449138764911
28825	0.8735752444873034
28845	0.8682075272695935
28861	0.8784631681415661
28865	0.8966446016054063
28916	0.3155462329083902
28917	0.3155458638349612
28920	0.8845029102553934
28921	0.8193537133263664
28931	0.7615291525216243
28992	0.8631146000253198
28995	0.7615509956498598
29013	0.31477591588277254
29017	0.848674869233626
29045	0.8714781605448011
29050	0.3155457883870419
29051	0.7588024575695429
29052	0.9158075301686467
29099	0.8274375166790424
29116	0.31554482244363885
29149	0.8259818829502853
29156	0.8896502093672444
29158	0.8266962208867128
29172	0.9005262896020074
29183	0.8633052832204317
29189	0.7928002817951982
29191	0.31554585806261815
29193	0.8974662783808497
29199	0.8174450922447914
29204	0.8817717123615476
29235	0.9000325889749542
29240	0.31565776287350417
29328	0.8778628096640314
29378	0.8790093073426849
29424	0.8627433221652225
29442	0.9021200030786559
29480	0.8857105472262958
29488	0.8900843658623754
29489	0.8758575610899803
29497	0.8845134252961876
29514	0.44534353353843587
29540	0.315991150135124
29553	0.31554602024363004
29569	0.3285865028172157
29602	0.8083130700544461
29608	0.3165482537709218
29614	0.866843689240194
29618	0.31554627058869344
29665	0.7856881636292139
29694	0.31570000180711544
29713	0.31554604244532264
29716	0.526096040358388
29723	0.315545858671382
29727	0.7570778688645884
29729	0.8431391914115872
29733	0.8084205523046577
29758	0.8491811333192744
29776	0.8833361093350084
29783	0.8030946017386064
29792	0.8905132600058037
29861	0.9005180286223738
29876	0.31557759965567045
29915	0.8583535248686255
29929	0.8989077909987885
29932	0.7894322022885611
29938	0.8335071478276022
29948	0.8598019699323378
29953	0.8357688973148582
29955	0.8238872567089607
29958	0.8785395286368041
29963	0.830787671110484
29967	0.9142899703093713
29969	0.8902063713398604
29975	0.8881353026514661
29981	0.8938610438087101
29997	0.8579211895574322
30066	0.8558469835278227
30070	0.9017819912655856
30080	0.8822413301476008
30106	0.8926823217653946
30109	0.9016045456101947
30117	0.9148148219241928
30131	0.8608733765728349
30148	0.8946517757927259
30167	0.3985975048481353
30178	0.31688679663470326
30202	0.408924757337812
30206	0.37487309043746925
30208	0.352501932109587
30209	0.3155460009984442
30216	0.9262354494836778
30228	0.425779263163819
30237	0.39277367129658824
30253	0.8555266301901604
30254	0.8611115444832408
30260	0.31554599166083047
30261	0.8702476234180823
30263	0.8297665049964478
30271	0.8404599549664217
30282	0.7926695013909666
30284	0.8373482785026701
30287	0.8632629176736284
30290	0.882645869432
30292	0.8894201057960275
30300	0.7905089948477083
30307	0.3156703307729226
30329	0.8501918781809645
30335	0.9045083782752914
30338	0.8558365561660094
30366	0.3851660830014859
30367	0.8729883026910036
30375	0.8605078529456806
30380	0.36041199694868303
30393	0.42121340643274147
30471	0.31517808774738015
30483	0.3593735555918856
30500	0.37375856001652696
30518	0.3547062409600906
30575	0.3155458614896437
30596	0.3530602321168425
30597	0.5463966611407507
30599	0.3722988008378391
30604	0.31556129732435517
30616	0.3155999178501653
30640	0.3154416389591711
30647	0.7182075475666555
30693	0.39153779997189847
30706	0.8267018938824159
30710	0.8215219185139032
30717	0.8677085289849561
30723	0.8678879737725246
30741	0.8475267267427944
30747	0.7431497712088542
30781	0.4193060286265494
30804	0.8815860651768059
30817	0.9069737529631168
30825	0.32228550453639343
30828	0.8946611808653069
30864	0.3331808399300135
30904	0.3562252918034524
30914	0.399396029987633
30928	0.8912297395906484
30959	0.8551833453902091
30960	0.8886113125822808
30964	0.7906655651033276
30965	0.3561409202661846
30981	0.365503616250354
31037	0.3153640751486863
31064	0.3143627751038567
31070	0.3159152027359195
31083	0.3155458071883878
31108	0.3158648487829174
31138	0.31554598523606703
31151	0.39625762406358683
31210	0.3147761165177757
31226	0.31670493730028504
31234	0.31561919846068953
31236	0.3155458719065401
31322	0.3987233779240162
31334	0.31554595907377103
31344	0.43322274659543125
31390	0.3723860717769456
31401	0.3163206688039525
31411	0.3155456460260247
31429	0.3836165078188294
31446	0.9092055725047652
31454	0.899999753246401
31462	0.8689373816110001
31467	0.8848035399115451
31471	0.9058947143925599
31477	0.8815155128689409
31494	0.8853132820182157
31496	0.9431236332206652
31508	0.37555714343889235
31510	0.8957058406678465
31526	0.9103446870801508
31536	0.8660195058029473
31540	0.7916985083761183
31549	0.9175698165011948
31558	0.874320018940949
31560	0.3667888871826867
31565	0.37995222276166557
31567	0.34033726687056387
31571	0.768832605138838
31572	0.3155535773563624
31573	0.894408513207482
31574	0.8981251828915574
31581	0.3564185785629704
31585	0.748331579451512
31593	0.9200209107833613
31597	0.8981771871792693
31598	0.8958453653908545
31599	0.9280936406404547
31603	0.9092753296408437
31621	0.39434144159337997
31625	0.3517578091958253
31671	0.3887007402749108
31718	0.31554594572462136
31721	0.338840687373115
31730	0.3155458456448045
31735	0.31554586978920585
31748	0.3348803284233535
31779	0.315545843032698
31786	0.44032470975233
31790	0.7757181489247515
31800	0.38080038764070306
31833	0.3804219074486897
31855	0.31578044481866363
31861	0.7983391038682867
31868	0.7616246211847011
31877	0.8499064827762075
31882	0.3580004804917671
31896	0.31500335498408777
31903	0.7604135628223723
31908	0.39767093673138787
31910	0.8332037681180742
31921	0.8802886237902774
31937	0.7799212643974703
31938	0.87986233670134
31945	0.8916310209646231
31951	0.3155458662166591
31958	0.31603387108363445
31967	0.35243759322455587
32003	0.31554611453897713
32023	0.3555082892200727
32055	0.35476628702634655
32089	0.3156332178958079
32117	0.3367694744804347
32150	0.31554610269597233
32159	0.31554637162652527
32162	0.34683488210901176
32165	0.3155458600344312
32187	0.360118054847863
32202	0.8842919510091963
32245	0.8537363002409573
32253	0.31554607485775654
32257	0.7754016943512869
32287	0.787479996330322
32317	0.4280066641078219
32336	0.5483210933612012
32339	0.31554610638493613
32359	0.8452976117160708
32383	0.31568738891737597
32392	0.3155458434377322
32404	0.43992827622731917
32447	0.8020530230502951
32449	0.8071459322111277
32456	0.8853975099454091
32470	0.31532739042905483
32476	0.38300762044490627
32479	0.31554601607687144
32517	0.3153870556613391
32524	0.880418828262618
32536	0.8761637137555044
32540	0.37007124291520904
32549	0.315546022099026
32587	0.3155457910500808
32590	0.31554623502814977
32630	0.7642926114272346
32654	0.31562990829865917
32709	0.41274137691738233
32714	0.34743538788801
32749	0.8971467579947165
32786	0.31591237029083485
32789	0.9014660356020378
32832	0.32095070504760953
32876	0.9031458799703365
32884	0.7813190766870332
32906	0.3490845771128096
32931	0.8957561090300978
32932	0.7897465726945037
33041	0.8499716498517979
33149	0.8435784183158874
33155	0.35283306975814605
33211	0.328747530049286
33218	0.31579117729246425
33278	0.31608440822849215
33289	0.9240798936559319
33336	0.894950421351471
33339	0.8855026845608107
33382	0.3154092205879989
33427	0.9117916848355555
33428	0.8666100722668874
33432	0.8821036194949669
33453	0.8666133168475653
33462	0.8836451448638808
33474	0.8760242403408649
33475	0.8709406334030418
33481	0.8497438574442816
33485	0.8903303036860934
33492	0.7741912990565506
33516	0.34334320950741476
33547	0.8579915970595229
33571	0.3155459198169875
33585	0.32253851856633153
33610	0.36004708312591677
33612	0.3687496689194115
33622	0.3160816129980428
33679	0.3428503927594789
33681	0.37166526042698744
33690	0.3770677062385323
33712	0.8892556035527994
33717	0.849793350515375
33718	0.9101541301659575
33731	0.8949530308725472
33738	0.9013448577500042
33742	0.8693245620700808
33743	0.8361731352053381
33772	0.9250742662342404
33773	0.8336732706100635
33780	0.8990833932806759
33788	0.8118270452118539
33793	0.871862282787423
33805	0.8842462834032451
33817	0.8996415170689691
33828	0.7969193802956094
33850	0.9292544562474221
33851	0.9194291062876541
33868	0.8993265959742224
33869	0.851019088693122
33873	0.8991155372302932
33898	0.8511102402935826
33903	0.881866836413318
33906	0.39822670746768785
33916	0.826659964957582
33919	0.9085305824263514
33920	0.9168934187253587
33930	0.8803651233189466
33931	0.8985273032198128
33967	0.41632906213807686
33975	0.3531451922487758
33979	0.4176578119105868
33985	0.8550361844733686
34004	0.8900247456519418
34025	0.8720101890447217
34033	0.8694738711789444
34051	0.7871918952173658
34061	0.8989298513199203
34088	0.9198436106637762
34089	0.315545877938396
34092	0.8730608406873074
34098	0.7573937205726032
34117	0.7588613787492317
34143	0.3155459140931515
34206	0.782937767344352
34223	0.7913590571419923
34226	0.7362825826613871
34248	0.31441606254947657
34250	0.8547900159208521
34260	0.4275468922655399
34284	0.8830411520657958
34303	0.8497933421357761
34331	0.8612950833245295
34364	0.8664599806320343
34384	0.3604840653479013
34385	0.8775382509610165
34388	0.78963182775016
34394	0.41369522068177117
34396	0.8630331318650465
34404	0.3155458254949616
34411	0.36251390207580464
34420	0.3158914267555869
34423	0.36797871551237404
34434	0.9011032449125348
34435	0.9263849093428584
34456	0.8701547188637492
34477	0.8497933549173929
34479	0.8554175572665276
34480	0.8513868570292711
34518	0.8913129482433244
34528	0.9109373372871762
34546	0.39844247385812886
34556	0.8021042891499183
34558	0.8139988749409125
34594	0.38689647895277596
34647	0.8186803693091883
34672	0.37797232866366465
34676	0.7733435454787846
34690	0.8959022642762329
34713	0.31554599033173636
34716	0.7899325001483294
34722	0.8612933550510615
34733	0.8167371243338949
34750	0.7914067645630128
34753	0.31586818036105146
34755	0.9258290475854397
34768	0.8598790211393557
34778	0.7903843468594791
34779	0.8274196187096058
34788	0.8956016788900718
34798	0.7894467219966455
34816	0.8668272980875563
34821	0.9027482657731858
34825	0.884544750106668
34833	0.7608499314006326
34850	0.8951724330751311
34854	0.8545302307045178
34855	0.8290316043078115
34883	0.9235477661457754
34884	0.8377521911337455
34908	0.3155459322517786
34919	0.31554591458792375
34921	0.8802229709865704
34940	0.8947239198460186
34946	0.9414962249283172
34950	0.8767896240771401
34973	0.8460250707485372
34982	0.8905690048251783
34984	0.8793622823034798
35052	0.9061749850965931
35090	0.8956840493621548
35107	0.9727715966509098
35112	0.9181128945899817
35127	0.8958835995819895
35133	0.9303357669674311
35182	0.7516090763773201
35198	0.7984029177781191
35202	0.82704235221093
35203	0.35202473691543734
35205	0.8272940412722786
35206	0.7884132816305283
35222	0.31575902849941456
35224	0.31528013244800107
35225	0.8541763086089419
35229	0.37873530656738785
35230	0.8046751931393727
35231	0.8452898705868624
35269	0.9158253820757556
35275	0.7962485366537164
35295	0.9335832026074248
35306	0.8847536255855266
35329	0.9228005557099995
35375	0.8283993201892191
35389	0.8469058817710385
35393	0.7757457603917902
35433	0.3995811803312851
35436	0.8257483838394928
35437	0.8267459345656015
35453	0.770966257898144
35457	0.4334039679719494
35465	0.7813819437749553
35469	0.8824071031212217
35486	0.8558767750608897
35499	0.8914352635331331
35508	0.9111930049262794
35534	0.8989481227623785
35561	0.8887166685341419
35567	0.9305058917274649
35582	0.8231680558548435
35594	0.8357496254938175
35600	0.8959969006499019
35601	0.901369858677318
35609	0.8086334821778444
35619	0.9164189556684933
35633	0.9018024139511622
35663	0.8940916275491316
35666	0.7237030425467047
35678	0.8637429764398588
35686	0.8801821171557814
35707	0.37011629301627225
35711	0.8964691158254091
35728	0.8597674184669726
35730	0.875676288921694
35748	0.7608719346313514
35751	0.898850492206453
35752	0.8981980937763723
35804	0.8646139211722923
35818	0.8655250659303503
35826	0.8038621672022777
35845	0.9474773875027032
35848	0.895207507825223
35849	0.8690178030441715
35854	0.8484355656486776
35862	0.8865572222053802
35863	0.8908915662926427
35876	0.9012457758572577
35882	0.9000680335721631
35927	0.9017365338529586
35942	0.8311082356649702
35954	0.901632853854824
35980	0.8126784350407521
35993	0.31554588388051386
35996	0.3157234735825432
35999	0.4231464087272445
36022	0.9060560033567315
36036	0.8786871630143194
36062	0.9034515778455623
36069	0.8706784291578032
36071	0.8267204076492909
36072	0.7522410302208753
36081	0.7953716845587497
36098	0.4128408651418495
36099	0.7618341618193821
36104	0.8582424479887856
36146	0.8731593839743645
36168	0.9142627491448871
36176	0.8955166061343895
36180	0.8497305640729063
36195	0.9218107897961545
36197	0.8818559714399907
36200	0.8828903142876919
36205	0.532642211685681
36216	0.902665364689381
36244	0.9055231406901791
36261	0.9022214751240393
36266	0.8671304873000615
36282	0.8416416431330708
36283	0.8297117764999342
36285	0.9107233273891997
36289	0.8629277633352982
36334	0.8278351232605807
36347	0.8921787126107296
36351	0.3155460829875439
36355	0.9260876174300914
36371	0.7318566586415555
36372	0.9104966401792246
36374	0.891610326750939
36376	0.8534016710233471
36407	0.9088261222486721
36411	0.8381341799523262
36425	0.859539945944276
36437	0.8292398259329986
36438	0.9055364257765443
36441	0.9088561888605647
36463	0.9359127802058709
36485	0.8922190798742295
36492	0.8788026881878421
36498	0.8469277217535895
36499	0.8747402999190561
36502	0.8676190774559447
36505	0.8759611158646509
36512	0.8701693608800218
36518	0.9030234619546496
36535	0.8576411543261903
36537	0.8679780142818327
36562	0.8956826005210233
36569	0.8883910651388973
36572	0.9276092210266882
36586	0.8880235820050028
36588	0.8772399591644391
36630	0.8119327355764067
36642	0.9288143995008968
36643	0.9017881926538116
36650	0.8599037730070436
36657	0.9052173818100181
36669	0.8958150082700322
36694	0.9101265389045451
36695	0.8261385220204801
36717	0.9092634344789049
36726	0.8785984557489092
36732	0.8485416161540799
36733	0.8903257556181885
36741	0.8923511692445635
36747	0.8967321995720009
36765	0.8767723211610874
36772	0.8727389012116362
36780	0.9106300475088743
36800	0.9086392715886102
36812	0.8476721059362101
36822	0.9000154179035826
36832	0.858478890897526
36838	0.7881972279593042
36844	0.8539777627525466
36856	0.8797120038359048
36861	0.9146436425837603
36888	0.8905075591888623
36893	0.8884843363388799
36911	0.8718677082490481
36913	0.9470149001683428
36914	0.8810630332203745
36916	0.8886104435463311
36919	0.9068764963604327
36927	0.7898952560183198
36938	0.879176715123898
36943	0.8975774477976548
36947	0.8931057098308485
36955	0.9133773310262098
36958	0.8776403708670212
36962	0.31556245511570313
36967	0.8532186006101232
36976	0.8872988496091174
36999	0.31663396765444213
37033	0.8333633132064743
37066	0.8697518924130128
37107	0.7706262934299591
37116	0.8199910510755275
37230	0.7707144209944777
37257	0.8910768799329698
37293	0.31591500216882623
37294	0.3162372384472212
37321	0.3427197651258847
37334	0.3276429557389799
37342	0.31556311194043374
37351	0.8642276537426614
37354	0.40656035439572535
37362	0.3155504413612186
37366	0.3155458643297334
37399	0.7606848631549138
37440	0.832797826190691
37444	0.8929945780991974
37449	0.31614247119658734
37457	0.315552639845387
37477	0.809347980291941
37478	0.9269874197644391
37484	0.8540430342469122
37487	0.8276442933218366
37493	0.9138890404468357
37601	0.7193269177431544
37690	0.8845710313712026
37699	0.8348435861791705
37714	0.7516998584241317
37734	0.3672832322457613
37779	0.8245250695049781
37780	0.8326399137270641
37786	0.8469926231340494
37844	0.8899789051812931
37861	0.8936888245176157
37862	0.8136890429693682
37917	0.3491686301137545
37958	0.31554599712272813
37982	0.7628645545047789
37995	0.8169061393124676
38008	0.7569955284402191
38027	0.8226724081073341
38037	0.781759294181186
38039	0.3385925501921011
38042	0.8941645626220044
38044	0.7615010865917106
38061	0.3819970006393307
38063	0.8377294290945762
38091	0.7800383643825977
38121	0.8660342529461988
38126	0.7968966538679162
38127	0.7981137978975446
38132	0.3155460888908561
38143	0.8118036180677947
38162	0.8324352135803967
38175	0.31554624999016
38178	0.34371563300541
38188	0.6556040826540878
38204	0.7237917885231936
38210	0.7760228800416554
38211	0.8514140709298192
38235	0.3155546346628593
38245	0.31554585712885674
38255	0.8127033275523066
38276	0.856960543964722
38277	0.8700379266221184
38279	0.905230844747609
38281	0.9148148158001733
38284	0.8926353101251443
38290	0.8528317446173563
38293	0.8898979783309794
38295	0.8826188122457155
38297	0.3667820029626567
38299	0.8846070727146926
38302	0.8564930909916443
38303	0.8676280405198443
38306	0.8713941655777321
38312	0.8821217985969132
38314	0.8966877741112175
38316	0.8158832424195722
38319	0.37758320785571664
38322	0.8101136706851542
38343	0.8384150637107224
38363	0.7437217388802758
38381	0.8038231527577099
38384	0.7567178432341282
38392	0.3470277626726289
38393	0.3155459306364927
38404	0.4118397707913119
38410	0.3677760918497064
38413	0.31554625345599113
38422	0.8953089944275825
38428	0.8462018242563387
38435	0.8602220524509846
38441	0.38072544628085775
38444	0.315545877506683
38445	0.31554585773276994
38447	0.8878651293689077
38448	0.8821992269659163
38462	0.3160757615908573
38470	0.3645455481276636
38498	0.8859268858475374
38500	0.31559518025295413
38513	0.9061170717583018
38515	0.3712968397360356
38523	0.42226482454062103
38524	0.7609187055940002
38546	0.315550747610697
38559	0.8905281144418757
38562	0.315545869544245
38589	0.9228725881533414
38595	0.876846388629424
38600	0.8959022646254841
38601	0.8498524856816421
38605	0.888565921141714
38607	0.8480313590525432
38611	0.882454187900454
38620	0.31554596702650756
38643	0.8666827831909477
38653	0.9141181114525941
38664	0.8150784123583271
38675	0.8685325865535944
38676	0.3155458584555256
38707	0.8843662591090525
38713	0.8893725052918976
38715	0.9158075296399193
38723	0.8696866522784771
38733	0.9757110208630029
38739	0.8537971440692781
38740	0.8809184693582893
38755	0.844294273185266
38761	0.893900999213107
38779	0.7898467527415629
38780	0.912747496195241
38784	0.7817062521426082
38797	0.9116938249405595
38803	0.9331668178759978
38814	0.881215121351045
38818	0.31554592565238976
38836	0.7151483656274661
38840	0.3698934895454256
38851	0.7947069665103378
38857	0.8952657157543151
38858	0.9061487878972614
38862	0.7588098398700185
38864	0.3155543949869291
38866	0.9061527854655398
38867	0.9060976262455183
38875	0.880234824209284
38893	0.9199660375077526
38894	0.889425098242185
38896	0.9010145177422425
38916	0.4126185187047537
38920	0.8744160157903933
38928	0.31554585990588735
38945	0.7609195045275112
38963	0.7338968348049052
38981	0.7820072459438692
38999	0.7707455551260338
39045	0.31662989737646935
39050	0.38864134870989614
39052	0.315545858671382
39086	0.3474588098369605
39098	0.36007654939472816
39153	0.7336969362241669
39159	0.9153923438241466
39170	0.8960966101830916
39185	0.9057757040796001
39186	0.8581621270695691
39226	0.7744721268062417
39241	0.8796527662469286
39245	0.7763893843098595
39253	0.8900713546494349
39264	0.8538279128381974
39268	0.8966249199383068
39281	0.9242139002954621
39288	0.7771104771537056
39294	0.9109459744004448
39295	0.7615301023364218
39317	0.7905937432462175
39431	0.8864355469131946
39433	0.9126536216229097
39437	0.8279915908994627
39464	0.8938171340315936
39483	0.86759889240415
39501	0.33022608749132526
39505	0.8985498206450308
39532	0.8472947745496073
39548	0.8743903095070108
39553	0.7834370964836866
39554	0.7883008970870014
39581	0.6829680812885331
39583	0.7905092302210601
39584	0.7233712681335198
39596	0.4157082839945315
39602	0.37201881313383844
39606	0.34494072581822516
39617	0.31554590425834017
39628	0.3606598057755401
39630	0.3155459897011442
39658	0.42092597689066946
39659	0.3164812251753276
39661	0.8813083164531132
39679	0.8742551115795655
39687	0.8664758063400124
39688	0.7586642456252939
39705	0.87806213615464
39713	0.8189178213471893
39715	0.882895974717635
39716	0.31559802173975937
39728	0.8613415567665496
39743	0.8093726418588404
39751	0.3155458572840794
39766	0.85678716390637
39767	0.8814695823400395
39778	0.8967723714271358
39784	0.8685338927620689
39788	0.8934561467409057
39793	0.9020544964971301
39795	0.9097041880030211
39796	0.9251706369496138
39802	0.9217211242878407
39803	0.8857704880249022
39818	0.853227226862656
39820	0.8798655334685845
39825	0.8747770440259113
39826	0.8496424103970242
39839	0.3155623838127142
39842	0.8791480433501994
39877	0.896819982901143
39889	0.8913336816022256
39891	0.9395304419802049
39910	0.8274471218021161
39915	0.8480033988074398
39919	0.7758914408457307
39943	0.9682793165134506
39965	0.9153946096385734
39967	0.9071319113649384
39983	0.3756181376682795
39988	0.3896138386970306
39989	0.36963211175904315
39996	0.3155543471662198
39997	0.31554595341541963
40010	0.31556157536453855
40019	0.3889879625171061
40020	0.3155460247669157
40021	0.3155460222372712
40027	0.41637380137421254
40031	0.8855078528281721
40034	0.9095433784513436
40058	0.9237954760375829
40063	0.8852759081584339
40065	0.8867111538453741
40080	0.6403421560684217
40087	0.8784101188414778
40118	0.9230329767872181
40119	0.8965283788903061
40129	0.9747350236972376
40134	0.8337548886669295
40157	0.9100032742947112
40167	0.8939313393564496
40200	0.905077710995798
40207	0.9109401823004464
40208	0.8199660622652835
40209	0.794812636727473
40223	0.8636290034906169
40225	0.8810060699175877
40226	0.9013470303677698
40231	0.9139194517330939
40233	0.8819470149787936
40234	0.8808068344189938
40235	0.3794939658101866
40236	0.7759657869314851
40239	0.7616565589549553
40240	0.9053521855131113
40243	0.7915591374715005
40244	0.9095772040154642
40246	0.8963838485757208
40249	0.8063177164696794
40263	0.8915198082649464
40281	0.9089921010233006
40349	0.3144714160330958
40364	0.899237707360226
40374	0.879189218940607
40391	0.3155461015172502
40402	0.8717595868985946
40426	0.7703747427981285
40429	0.8617751966175737
40466	0.8959022619794224
40476	0.8016671746563901
40482	0.31627199423412794
40566	0.3161274538858521
40576	0.8496902283778172
40585	0.8487544243229913
40586	0.9033520830071542
40596	0.8762654790625942
40646	0.8544566695870849
40660	0.31359993361903266
40665	0.7829173495046331
40668	0.3171567485576067
40688	0.8279344079202168
40699	0.7824068377166489
40719	0.9036478763541778
40724	0.874142126595943
40728	0.7629524801294537
40786	0.315545859403839
40817	0.8068744627343822
40839	0.8687297702534439
40842	0.8989693423174898
40846	0.9310719082223299
40852	0.8871947377063271
40878	0.9240173390385218
40885	0.8823270731402226
40886	0.9059090449642453
40901	0.8367619762577282
40911	0.31664553282510993
40924	0.8258955752963936
40928	0.8714667476063421
40932	0.8829736519498101
40955	0.9268392390710332
40958	0.9419561952809921
40977	0.8334249425027395
40978	0.31578560364412106
40980	0.9053228036175228
40983	0.898662887523164
40991	0.9059005222937412
40994	0.8807625852572094
41000	0.9055019753587121
41002	0.7992570227910758
41008	0.9115818945155074
41022	0.31554585533652
41027	0.8914226385190479
41039	0.9065697694219601
41041	0.8924998591871713
41078	0.8811565412634734
41083	0.8812048389502283
41086	0.34936808811434533
41101	0.3716029823993989
41120	0.4094303674921772
41167	0.31657218304334306
41168	0.39080495744128557
41182	0.42698111638036657
41218	0.31554585616356584
41239	0.3625283961527454
41242	0.42458963129267474
41339	0.315545778261188
41416	0.7938283525871275
41420	0.8086876990507341
41435	0.8794011342468888
41478	0.9100918424393772
41487	0.3155459410533891
41489	0.822430392355468
41501	0.7965447230269671
41509	0.7963204511860369
41514	0.7609195050707904
41517	0.8106113443261997
41518	0.7325497137162754
41520	0.7698954299277627
41521	0.768335556729859
41536	0.8689264697943808
41539	0.7656818658907837
41540	0.7620373527530009
41547	0.7625140788230089
41549	0.31649034449752406
41575	0.3174232018391261
41613	0.3149062362530902
41670	0.3171433280200586
41681	0.31554610059561555
41701	0.3700969382602439
41709	0.8669816532235027
41730	0.8256195938604171
41737	0.7149066746281059
41739	0.46037877197308946
41777	0.8264451293356317
41779	0.9487798976612866
41791	0.9280141014129062
41811	0.8725278414902893
41815	0.8498925856250241
41846	0.8193319700717928
41852	0.902313813925693
41859	0.8261126035380056
41864	0.9465116173814694
41874	0.8961151175518822
41884	0.888053624225108
41900	0.8814620390760797
41907	0.8570556837012582
41939	0.9177784609747646
41953	0.8674723918284964
41954	0.8753066647238924
41985	0.8900964399208673
41993	0.7716915655128663
41995	0.8838109910346923
42048	0.840820584114752
42051	0.8553010831974166
42066	0.8231683349330786
42111	0.9069057198779646
42118	0.8292170706435901
42130	0.8749072802922204
42133	0.7904038773105931
42134	0.4203647957323658
42135	0.315546102693547
42136	0.7615413823387901
42157	0.34917993555323795
42159	0.36849795072955865
42183	0.9057055882166539
42188	0.8971867298308885
42190	0.9023578850955812
42192	0.8010187035102478
42196	0.8826508457786562
42216	0.9056822899510676
42228	0.81959546227229
42234	0.3802917737336333
42235	0.3155458301783206
42243	0.9081301983097483
42255	0.6581942744597941
42270	0.5667534560253357
42293	0.6377898231375597
42299	0.8694535115137718
42318	0.3672379554104581
42342	0.876391918982564
42368	0.8567809951052034
42372	0.31624590187073265
42385	0.8526121249187066
42422	0.8419308897456799
42464	0.8019713059953202
42467	0.9109692630786059
42471	0.3155458548538745
42489	0.9150274134071066
42494	0.8981185557420979
42499	0.8823589038844456
42518	0.8871238178772601
42559	0.8903092376631808
42599	0.3306014613721052
42608	0.7893652028408739
42633	0.8663076153537108
42642	0.8821311740462175
42645	0.8683429037685947
42649	0.8840541655092425
42650	0.8867879654370957
42651	0.869628825013582
42653	0.8874837276533998
42661	0.31617744425642724
42671	0.9120801963863573
42682	0.8815005121718823
42683	0.7715322773834705
42695	0.8698699632116546
42710	0.8314659445509902
42728	0.8804324454866925
42741	0.8762167117836042
42746	0.8916189060001066
42753	0.8806135125136677
42757	0.8851949759820423
42766	0.8792082020814351
42768	0.929868533692641
42769	0.827462262546404
42770	0.851602393057142
42780	0.8782330289928281
42784	0.661088547593626
42792	0.9168096295253426
42794	0.9206518103351349
42795	0.8816048493488491
42836	0.8584548888838809
42842	0.832686868837158
42879	0.8618788828998012
42881	0.41951325259682687
42885	0.3476190562820203
42973	0.5736924995408487
42998	0.9006967882594998
42999	0.8928406313201424
43000	0.938339090814254
43009	0.7475836138234887
43055	0.8545273352632826
43140	0.8786027644222253
43143	0.894613906185689
43148	0.31554588082941826
43151	0.8741326965616164
43153	0.8383098084013603
43161	0.3155458769634037
43175	0.9101153820689405
43183	0.9673449211795465
43200	0.7610889582502383
43202	0.8824834538641104
43208	0.9016979835120491
43239	0.8528994507599078
43269	0.3580362158962241
43270	0.8774192505653301
43274	0.8774841435346615
43275	0.8524471925534582
43296	0.8637249554807093
43367	0.8444764824691952
43373	0.8331749278574427
43396	0.9217288354542231
43432	0.7867112120533906
43435	0.6326300471231556
43456	0.7947845747193569
43465	0.9041175412988185
43487	0.792203200390812
43503	0.9167348882741985
43526	0.8515696493610806
43581	0.9316785456678961
43609	0.9061771383697333
43630	0.8962845605254395
43667	0.7026045963128602
43756	0.8806411029359076
43760	0.8875133531127611
43805	0.8901526559307852
43807	0.6392806591318326
43840	0.9138550763440563
43843	0.7886622751459117
43852	0.8599745362625179
43856	0.8717195552362098
43859	0.8902442391109039
43866	0.9012173618696093
43879	0.42359582966215453
43920	0.8982671817135626
43940	0.9235897873844419
43944	0.7637945002450104
43953	0.9050433573593014
44092	0.8384080135964631
44111	0.8109165513873412
44199	0.9136828255500358
44248	0.8257289768874161
44278	0.7717123654113607
44294	0.41008088983072555
44301	0.829821915829993
44311	0.4380529670028619
44315	0.860222048216316
44320	0.8959005297696045
44322	0.7623089222222502
44324	0.36598682658250237
44347	0.9112536132866597
44361	0.8794737831255374
44370	0.8005674132456934
44452	0.831911583007736
44479	0.887869130764395
44484	0.8584989175203319
44486	0.8942340122352934
44495	0.8323208707064264
44537	0.8834055054110281
44549	0.8725524026523743
44553	0.8567319748520661
44556	0.3314044547198693
44578	0.8610858534286573
44668	0.7905777775104127
44679	0.8653880819914543
44688	0.8370234426253232
44693	0.7281840316367324
44712	0.915464349884485
44722	0.8714685487665552
44753	0.9220881737004895
44760	0.9158075297708884
44774	0.8486289406304556
44784	0.8752529953116603
44844	0.3161745355194
44857	0.8719228289665714
44897	0.359135134641848
44905	0.8542177561300656
44908	0.8955893029186349
44937	0.3497954408481475
44950	0.8616544346846863
44958	0.8360139217841287
44972	0.8587933808831335
45005	0.8698212067788487
45011	0.810045770065574
45019	0.3916593268348306
45028	0.8375010258009634
45031	0.3627275951788626
45039	0.31554603035008105
45043	0.42492387456851727
45056	0.315545607753935
45062	0.3590595418973415
45070	0.8790902622422205
45084	0.8582666120160931
45140	0.7757140975354376
45183	0.8484457130639792
45189	0.8586424637328871
45194	0.9243859147265863
45196	0.904971227302728
45282	0.37046925808889797
45309	0.8977983136069269
45343	0.9194301161226927
45395	0.8914273060404994
45417	0.7826905289753615
45487	0.31510973162929845
45490	0.8963195122785426
45503	0.9300893179566531
45508	0.930787457616738
45544	0.39982193415436884
45567	0.36717302857105477
45569	0.9123749376874772
45573	0.888261418934593
45578	0.9187770497258041
45580	0.9170759901073978
45584	0.9243585433962952
45585	0.9142523314311329
45590	0.31556462333872676
45602	0.9230106648768159
45664	0.8828554169037548
45666	0.3155459631459408
45669	0.7752083210987865
45728	0.31582251197656164
45735	0.31554593652767815
45764	0.772588428184495
45805	0.4198831506316728
45860	0.315576351304021
45870	0.3828970337412826
45881	0.3155460293896408
45882	0.4001995754842646
45887	0.6747241311680057
45889	0.4623906578661103
45899	0.8913772714241871
45902	0.3155459312161524
45934	0.8176700247109825
45958	0.8825032641453192
45968	0.925839919601996
45972	0.8513356292332672
45987	0.8903648415112664
46005	0.315545953883513
46007	0.8917680619502759
46010	0.8764939072888482
46016	0.8692518275909802
46023	0.7623402578692133
46030	0.900472990136332
46093	0.8610282204613148
46175	0.8940398149953728
46195	0.828518001505303
46220	0.9406078012912774
46317	0.8912768286457801
46327	0.7905089958518049
46339	0.897711687770814
46346	0.9232189780445729
46378	0.8867706526668288
46423	0.9130450911972499
46489	0.8925328279585306
46521	0.35365105515658113
46540	0.8853681617840727
46544	0.8394744796303245
46556	0.8440708816121006
46578	0.8942813314322879
46590	0.4069555113088593
46593	0.8802532648978106
46610	0.8691390816502705
46623	0.8805032577197701
46632	0.31554582793729324
46636	0.8632041789315099
46647	0.869697657320862
46696	0.8737395341118531
46712	0.7620931577502644
46746	0.3155458652634948
46762	0.929795606155344
46771	0.9100147754141991
46774	0.9016519271994267
46817	0.3155613791849111
46832	0.8703148572592778
46849	0.8596982164556715
46894	0.3953775804837973
46918	0.8929614145549162
46936	0.3155458573738175
46978	0.3323860763839545
46983	0.8205664060645744
46984	0.8975460705291879
47034	0.8980963538409129
47114	0.8651840595590934
47122	0.3155647694711697
47135	0.8613049205709803
47141	0.8947442531330384
47154	0.3843076792543149
47193	0.9173117046531595
47237	0.8849021251014471
47324	0.43138571293865224
47344	0.7758746571495113
47458	0.31561940319454135
47459	0.3788854402021001
47472	0.8391467537299834
47581	0.3156810227966655
47584	0.8221284317109976
47641	0.4055338110773368
47680	0.31554628892679676
47684	0.31584685121388406
47698	0.634715289183901
47705	0.3155458415144263
47739	0.3155460383755782
47765	0.399560629846518
47767	0.33260797799895814
47811	0.3155629738504654
47829	0.3158181198783363
47844	0.3155748491196488
47861	0.8236034212532375
47869	0.37267323640970207
47873	0.864684449357584
47880	0.9153576111557165
47893	0.8636707746801129
47914	0.8628681170595826
47930	0.8858830144516516
47937	0.7921396172461584
47938	0.33789199480159393
47976	0.8636230742174337
47979	0.8718596766036341
47987	0.8971095541619677
48001	0.4051401083944713
48017	0.3155458481938518
48022	0.8969240998559462
48024	0.8406905687812357
48028	0.7834587797762277
48030	0.7314148887363696
48031	0.8814635050887188
48053	0.8604670734374466
48094	0.8340255804611177
48115	0.9230367509561185
48119	0.8367521761919577
48131	0.887110069264471
48132	0.7905089849522632
48164	0.7608618270718959
48181	0.3399225720968588
48208	0.36724389112538186
48222	0.4500189882241281
48244	0.3155462965812147
48251	0.804837583350184
48279	0.7916545937579946
48328	0.7281628087370577
48329	0.35860885656706404
48450	0.758341742861103
48469	0.3718656209479683
48487	0.3696231112040179
48491	0.4231092193762856
48493	0.38023756230323846
48496	0.31554599639027114
48576	0.359086238203044
48587	0.8116377280344518
48589	0.38227836695348033
48596	0.42210212071938125
48601	0.9038528243041374
48644	0.912135603390268
48656	0.7890650292580327
48670	0.9748261617157143
48709	0.9963033620101464
48725	0.910214397075268
48726	0.8757153297977721
48730	0.8646526431676472
48732	0.8957226045464968
48734	0.9107990331115566
48743	0.8982443194660326
48756	0.8859805632998186
48766	0.877886830112794
48783	0.9064468480822114
48784	0.8645675135883409
48795	0.8510903304515827
48798	0.9115072025596881
48799	0.9073316785739397
48802	0.8873944774093864
48803	0.8583003502723123
48804	0.8952528898772435
48805	0.8439728932412404
48821	0.8375652969773807
48837	0.9011668581485583
48841	0.8412289755407649
48941	0.9229943676023643
48954	0.7998092189093452
48969	0.3155458663937099
49001	0.40203341440867124
49005	0.39030461930365973
49036	0.4700028182255724
49053	0.31554603971922446
49065	0.3155460282181947
49072	0.8955254241208753
49093	0.8771640453612414
49096	0.36620781249531564
49110	0.9598630490035261
49118	0.904759283840509
49119	0.3449221822146424
49142	0.3846804093510396
49167	0.8916869100246642
49170	0.33982544154468475
49176	0.8237370268846996
49179	0.8093261056341007
49189	0.8524668310541031
49194	0.3155463130930263
49222	0.7899254835257866
49224	0.8092336025413769
49253	0.412029126510018
49270	0.3893309905375293
49305	0.31555393947630084
49306	0.3152928240962683
49378	0.3875453879553932
49415	0.3155460022838819
49449	0.31637724405733886
49463	0.36421972595091556
49477	0.3155589922773982
49498	0.3166786673839828
49504	0.4059290348453601
49534	0.31554586619725616
49557	0.3155458605292034
49581	0.41910533181322734
49627	0.3164270992144157
49629	0.3174398157290201
49636	0.3155460341578872
49649	0.3155460468327884
49661	0.31554585741262325
49662	0.7934886669885972
49674	0.3798636568337731
49702	0.31554585887511183
49713	0.7637210859852013
49719	0.3155461029239557
49724	0.31555879078381965
49769	0.40408530429321016
49774	0.31554613664123016
49804	0.3155458402168618
49812	0.3620680158933778
49822	0.4139989549441322
49882	0.31554610475267275
49892	0.315234156911801
49897	0.3928723994780995
49908	0.372751509420442
49916	0.4039269875982196
49917	0.31554587704829107
49920	0.31571351814373017
49950	0.31554586830973974
49959	0.31554585863500173
49967	0.31554591310360697
50010	0.31554528675830296
50032	0.8471569696792375
50037	0.3155458605534569
50039	0.8598627599226453
50093	0.8259785661910656
50149	0.9076070256585181
50157	0.8094500885683723
50171	0.31555557113578314
50194	0.40257200514102004
50215	0.8558689567908645
50232	0.3155654372948817
50245	0.31684811074317143
50260	0.350888976054394
50264	0.3155559773583628
50265	0.348742493964312
50288	0.31554586017752706
50292	0.4154218724221362
50293	0.3157233270984239
50316	0.31554742536775143
50317	0.8632434927569529
50318	0.857179758481269
50323	0.3155880669994483
50326	0.7608322125581579
50336	0.6784099456702157
50337	0.7619868963215064
50399	0.7990948786955102
50405	0.8224183289903629
50448	0.8751867310810033
50449	0.8503834428395409
50479	0.8515524252714656
50553	0.8626448710634542
50555	0.8197528955441297
50599	0.8504472958072778
50612	0.8941947570549157
50620	0.31587779413536377
50643	0.38645047254554005
50670	0.31554593385008706
50690	0.8598702614777884
50693	0.8595355301188102
50702	0.3452452694867768
50724	0.8407234872944045
50736	0.3659384451240123
50739	0.33709367369259524
50747	0.8630373001515836
50750	0.8890766022145729
50753	0.863533740965672
50755	0.31554583982395434
50767	0.8710580653318502
50787	0.31554599130187805
50788	0.8962391918468223
50790	0.9081581432872466
50795	0.8874770219442915
50796	0.8564057705922888
50807	0.816448736510114
50812	0.913341411450054
50815	0.8117363270052166
50822	0.8655171932572049
50845	0.8834418455193533
50852	0.9088774503209464
50874	0.8779204879151629
50933	0.8883815609105596
50952	0.9134893192353263
50954	0.9102464581165763
50978	0.8615695725370636
51001	0.9246787679913044
51007	0.8961440411622371
51011	0.8240626776665152
51038	0.8034578832446193
51044	0.833598547650941
51047	0.8470669832529033
51063	0.9181547293067812
51066	0.8356430481214402
51068	0.8218552752209103
51076	0.9013288259742293
51078	0.8658915016750214
51083	0.8682030493065525
51095	0.9009218127193763
51101	0.8996412247094945
51107	0.9261015925054807
51108	0.8221099982087953
51109	0.8785193578363907
51110	0.8756549822163292
51136	0.8895473187273221
51177	0.8706229741464308
51211	0.3155458618437454
51223	0.8290774441648453
51243	0.31554603617335664
51292	0.794812195919342
51362	0.3155361959898018
51370	0.8576886324711994
51395	0.863984200131668
51400	0.7423727086789162
51420	0.3155458513953194
51428	0.8248152936711609
51449	0.8212423905940048
51454	0.8097309543063868
51496	0.8796753429744828
51498	0.8986800824600213
51506	0.8518917200071846
51514	0.8319307892835786
51516	0.892026153983167
51526	0.8736605880265089
51529	0.8850250518012287
51533	0.6660393516582817
51555	0.7913557318115707
51572	0.8837921338497852
51641	0.8503531934020212
51655	0.8497933536998651
51694	0.8512721709507001
51721	0.8697531183277103
51722	0.3155458883552924
51739	0.8614888974991527
51740	0.8732428572525897
51742	0.8419251508628036
51766	0.8834093424475353
51771	0.8485809635464253
51775	0.8497933543765389
51781	0.8599045821998028
51787	0.9458214651065094
51788	0.8773055780131866
51802	0.8539137608316797
51829	0.37967451148786735
51830	0.31556382953969064
51870	0.31561181822661566
51884	0.3155615787382063
51886	0.3155462313028057
51905	0.3453198877894389
51915	0.39458687328932696
51919	0.3155503232876988
51930	0.37229698577307
51958	0.3474347650182385
51960	0.3624515221130032
51963	0.31554586055830763
52033	0.31554586593774336
52140	0.31554582640446943
52171	0.7900069117040955
52179	0.8498054877325165
52191	0.9181756609286891
52194	0.8818666966910863
52227	0.31491960379664846
52228	0.7081564022020875
52231	0.6034227721617509
52235	0.3779844928361929
52242	0.42356231883625195
52265	0.3639829256322746
52269	0.5475452374765214
52278	0.31560327437064223
52279	0.31528866136379236
52294	0.8880506719869273
52314	0.8634461719966127
52318	0.3155545498409459
52323	0.9193562917500357
52330	0.8550780776096755
52332	0.8757333250990992
52354	0.7816367635296234
52360	0.9394894538648284
52366	0.8893075319196482
52367	0.760919214746188
52369	0.31554587466416784
52378	0.8974394338132434
52404	0.9304662627417922
52412	0.37500218332631063
52415	0.9108028974745302
52422	0.8235845124446658
52425	0.9044461196553873
52429	0.9111047538117912
52440	0.8740385315021839
52452	0.8987727364752627
52456	0.8633113241181177
52460	0.8722237473732707
52472	0.8852783188877761
52489	0.8625792990216179
52511	0.9429012572112254
52515	0.922541092726228
52516	0.893249930017814
52520	0.8863980911831554
52566	0.8648144522441827
52567	0.8832111485367174
52571	0.8939520528080434
52573	0.8763056733231515
52591	0.9166460125145794
52601	0.8834846294906934
52618	0.8581059203342056
52626	0.9022183863335649
52643	0.9053105479727596
52645	0.8929908069716912
52649	0.8729731046234684
52652	0.8987247216478697
52654	0.9115698839455131
52663	0.8362085634047272
52670	0.8799282580814979
52676	0.9094316959969331
52685	0.41926748783425966
52689	0.8839895977192792
52709	0.7780889430317564
52714	0.8234612065868325
52724	0.8432786757985291
52727	0.8837044908225344
52730	0.9009627186079685
52732	0.9239309164640707
52740	0.31554635465389635
52747	0.9143430874951245
52774	0.9206949142689064
52791	0.8630517723227251
52808	0.7613026692111795
52863	0.9141589365138312
52888	0.9348476352163759
52924	0.7618270743401157
52931	0.31554586397078105
52936	0.8587413104196313
52942	0.891208118493891
52963	0.9050412795583341
53001	0.8526331687180982
53023	0.9053621188084401
53047	0.9128522982980612
53101	0.8805675587086416
53104	0.9422419263086924
53114	0.8553769656844404
53143	0.8663427107459925
53165	0.86644825064642
53248	0.3764572808941353
53260	0.869242143677849
53275	0.8656555120965158
53290	0.8522051294756551
53292	0.8417529780633246
53304	0.9838109463868313
53338	0.9046752796013108
53352	0.8951719926477807
53364	0.8890953668431116
53382	0.9337823357342422
53385	0.8851634337749356
53388	0.8525131884962813
53393	0.3155458651761821
53413	0.3155458381116542
53417	0.38625856138873177
53439	0.3155458608153952
53466	0.3155461715056972
53478	0.315545861882551
53514	0.3155458639392515
53516	0.31554604837046296
53534	0.3155459968729167
53559	0.40412996022327885
53594	0.6902512449566277
53601	0.387380059328495
53606	0.3699307654475755
53608	0.4095372265112395
53611	0.41534322946483976
53613	0.31554586836067217
53644	0.31554586734202345
53648	0.33793376722317015
53661	0.37889993894542245
53669	0.31527283220210955
53688	0.3155547559135932
53712	0.31554594271960745
53728	0.8413943595700296
53730	0.3861971347574914
53743	0.35947769015233505
53784	0.3155461406066843
53822	0.31554619403966333
53847	0.31554586337656926
53856	0.354277412825103
53866	0.31554585957603914
53877	0.3928724139865684
53878	0.3472538757139453
53898	0.7516400351872955
53943	0.821720754462067
53960	0.8223506813934373
53966	0.9220991750126796
53969	0.3452486770027518
53984	0.3156308102709191
53987	0.36756408576969174
54009	0.3798499801497143
54013	0.39133480351773386
54023	0.3156640344708843
