1	0.3155458620862808
4	0.8994372980980284
15	0.8806525286099016
26	0.383824864948557
34	0.9070365256247225
51	0.3924287775190673
52	0.87415632989474
64	0.8774894753169797
79	0.7914855319385559
80	0.8676794506782325
84	0.892333648839721
85	0.904938953642741
96	0.8946021391988707
103	0.8941072249488149
108	0.8963187086131654
148	0.9103732842572294
166	0.8953122255742234
168	0.800569031529347
205	0.8876330303544773
207	0.8999803119828381
260	0.911515327227138
275	0.3891922705470541
280	0.31554579942240363
298	0.4030537729185553
358	0.39246734534920596
577	0.8789237965243726
680	0.8411462381368408
728	0.3155459498331714
731	0.3254276408274426
783	0.37689010716493426
825	0.860339043675952
835	0.8560481371420617
894	0.8780140591241874
896	0.8022659627558677
940	0.8788740061582087
1073	0.9273910945022196
1076	0.8804184728099783
1119	0.8674643493999574
1120	0.8553734947187737
1128	0.7766772063009244
1129	0.9088124771572774
1190	0.7901877392976758
1232	0.36253163006914085
1247	0.8210934267779721
1250	0.8972792667548783
1292	0.3155458350799615
1315	0.9404139240283401
1415	0.8827990170810903
1463	0.7991220156201659
1491	0.8953243076630633
1621	0.8535732114335394
1634	0.8629837031701303
1646	0.903402398047773
1652	0.8587948177842459
1656	0.31554592797587916
1717	0.8959022620764366
1794	0.8988066202745638
1796	0.8753060716690007
1806	0.8888240780649577
1811	0.886845942428809
1819	0.8704564574064061
1821	0.9082225905880373
1824	0.8937906491609968
1825	0.8753470863686849
1836	0.9044393786937556
1860	0.8862512691610611
1884	0.8685970039036857
1886	0.835742218607526
1901	0.8764520092169455
1902	0.8896588398544453
1904	0.9117169849973352
1921	0.8508163835094481
1936	0.88766243357378
1937	0.8962445919222648
1946	0.9078125612063225
1985	0.8577193414721144
1997	0.8729644432154265
1998	0.8805279696782543
2008	0.9150744463613698
2020	0.9395745293369072
2026	0.8848728550947255
2034	0.31554586417936153
2247	0.8048829635662113
2345	0.7195607934750783
2463	0.9153744426386903
2471	0.9110527128478725
2504	0.8728197158432354
2544	0.8836226373583617
2603	0.8960754959635399
2645	0.8768622008281792
2646	0.9250543973225184
2728	0.3155463356245671
2729	0.878309801669741
2730	0.8852608487823549
2757	0.8850738432852538
2760	0.9025657681728475
2775	0.9035701543135831
2776	0.9114208063003304
2785	0.7840422721561328
2797	0.9008576864457475
2806	0.8615042327228947
2817	0.8713108114256307
2819	0.8795713937207978
2857	0.3154858558297892
2888	0.7915412358567567
2960	0.7915830157435731
3018	0.4512746527361301
3137	0.8693575438558909
3147	0.8841518839818335
3231	0.871140141305296
3382	0.8620682091407519
3404	0.8464951349525658
3430	0.8085258252075396
3440	0.8694248147904543
3452	0.8413433757379823
3468	0.894674540446427
3472	0.9280321786160202
3473	0.8415377711099405
3607	0.7669343128357032
3651	0.3521998262543083
3666	0.8127431634497991
3747	0.31539523049966667
3749	0.7891394580556422
3930	0.8872341541800373
3949	0.3155460321108883
4111	0.7994741548645277
4115	0.3155462606156369
4131	0.8819084835071398
4220	0.38294747788593236
4226	0.9138719782205112
4288	0.8219365008336341
4377	0.9046276447590156
4415	0.8563043232442877
4458	0.8860790592488117
4466	0.8846724991285598
4529	0.31554585963182236
4605	0.37051331524023884
4606	0.36429894443749433
4667	0.8711001575897391
4736	0.8948877744129521
4764	0.4040835462388175
4789	0.8962379346183764
4810	0.8751454064574291
4818	0.8967086800340722
4838	0.8066769373190996
4893	0.8803859954978477
4895	0.9057504615166699
4961	0.8877197648416087
5021	0.8930389151121626
5080	0.8633795280258186
5142	0.8988360584213927
5290	0.8937542598301076
5293	0.9096210996236613
5373	0.8779213633758757
5387	0.8758715526893083
5448	0.7900857325029161
5465	0.8896528340007027
5468	0.8712788889884656
5526	0.7672530737876442
5527	0.8476555347907591
5628	0.31554588986386284
5685	0.8513695654177943
5861	0.9086490834440275
5942	0.831729672692372
5970	0.8934990896287308
5971	0.3147286889438275
6074	0.8401575269173858
6084	0.9101945195462626
6141	0.36487087544968705
6151	0.7905729085099349
6159	0.8237556685574807
6231	0.9321042357752932
6237	0.45667206384457076
6239	0.31565367831262037
6241	0.7642048192528257
6243	0.8498012747661037
6245	0.7611062087301326
6252	0.853604618456252
6263	0.8167487786411812
6289	0.8959022609583482
6291	0.928258657022399
6301	0.8956207650842011
6418	0.8465575997106016
6431	0.7185121918607287
6446	0.8982111393638581
6451	0.8404655102499825
6662	0.8995804431472929
6663	0.8486609191927428
6815	0.9120458682088038
6842	0.8728865586882253
6955	0.7882087258846009
6984	0.338493144417551
7055	0.8229285660511977
7094	0.8884714584743403
7189	0.889580162141823
7235	0.8896285041131207
7416	0.3155950770298782
7427	0.8944084413709154
7493	0.3162508431249384
7649	0.8575830179304957
7709	0.7075125616877589
8003	0.9079435503316884
8053	0.8497933480948716
8072	0.9097066864792539
8096	0.8055528781737417
8120	0.8562587114530135
8156	0.9121973962839518
8173	0.8951008016010517
8234	0.35967920084177546
8262	0.923103492772978
8435	0.8008679453710753
8458	0.9125404684506727
8533	0.6822153539383
8884	0.31554599594643135
9048	0.8897622763785451
9063	0.9183468524274222
9074	0.9180905146774976
9104	0.8947834316770732
9182	0.3165170474632491
9353	0.9078190660063624
9398	0.915255336740095
9430	0.8764644029080205
9438	0.8964557366231732
9447	0.8937965345983273
9491	0.8601751963947826
9531	0.3155458614193084
9547	0.8896738312066144
9551	0.8820443969747163
9552	0.8495882945474141
9577	0.8500567372129634
9706	0.9003641388973517
9707	0.8792438897864504
9753	0.8582127260949146
9756	0.8180940256391962
9841	0.9056889598959023
9893	0.8642820510279509
9934	0.7798264238841615
9957	0.897665600678021
9969	0.8771735716772802
9979	0.8193003506365569
9981	0.9046067277256133
9997	0.8792033367383914
10130	0.40194354947560634
10163	0.3155458732235074
10189	0.8526477091168796
10223	0.8556349755996884
10241	0.7511950805300698
10243	0.8791074970009686
10267	0.849956873395715
10289	0.7696255471686857
10303	0.8912432916478801
10306	0.8871667870437986
10309	0.9116386180914317
10319	0.8872943362310539
10330	0.8859984715600332
10406	0.7748871419716657
10460	0.37423252022712544
10516	0.31554585466469687
10532	0.650602308075005
10666	0.3883312994217621
10741	0.31555390905265734
10847	0.3159325497036811
10971	0.315659900054419
10974	0.3159750533137739
10998	0.877498548785429
11006	0.31493294358930357
11037	0.7614968888710745
11049	0.31554633168336643
11053	0.7299073307396126
11088	0.89199898794941
11134	0.3155458602963694
11152	0.9031717147514113
11160	0.9084470250562445
11388	0.3155625945177881
11390	0.8682755488949468
11653	0.3155660810251249
11732	0.7251945629783662
11775	0.36583508167583556
11840	0.8926071560408804
11942	0.8718851300680919
11953	0.41718160578316743
11985	0.7887942098101755
12078	0.9066485338555483
12230	0.8828870383593107
12365	0.8555048120382229
12464	0.8515295082303328
12545	0.8761114558169709
12552	0.9035849414679036
12622	0.3558521263532184
12887	0.8336350963348792
12919	0.4034956451979431
13169	0.8673864858593465
13226	0.3155551543338083
14022	0.8850599074229916
14141	0.8228608592101442
14143	0.8473345315915579
14161	0.3155458682345538
14238	0.3406487850162777
14301	0.35616818731594535
14302	0.3629990691109837
14399	0.7595224399698062
14407	0.8828812599189071
14436	0.8677090444673182
14507	0.6976358879461682
14579	0.3494835256258649
14770	0.31726949684848477
14776	0.8492011170545414
14785	0.9128908423087961
14847	0.9106792441095176
14887	0.8942134604820661
14945	0.8783136957044982
15141	0.9007849336722001
15257	0.8734103682884083
15298	0.8560649168412975
15395	0.7620423790668046
15401	0.9111172264408703
15402	0.7684985840521216
15405	0.8101826786559904
15412	0.31554587017483715
15494	0.315704856694457
15562	0.368820976674186
15677	0.8639721794455212
15714	0.8902461606948053
15728	0.8491606627935855
15731	0.8749640388684313
15746	0.8649175217273003
15753	0.8974038288904186
15763	0.8519640217327556
15767	0.37709543649214494
15773	0.31584786773319895
15774	0.8018691472351406
15782	0.8176544659665945
15785	0.37970009950855227
15787	0.9097513896285441
15824	0.8873634676863754
15852	0.8105786776593884
15864	0.8893631879831848
15868	0.8980515498453939
15875	0.8922285755968501
15892	0.8444561795718636
15893	0.8720435414367846
15901	0.8793922341209315
15921	0.8235777215013339
15923	0.9300070871776979
15924	0.8894450315664646
15931	0.9097071868104283
15942	0.8848931548172682
15947	0.9272598628656846
15978	0.31554594343266157
16069	0.3155860024530419
16079	0.8896265295352294
16085	0.8179919161549386
16088	0.7731688413322468
16091	0.31479750777341414
16113	0.7587972288162722
16160	0.3164194525236502
16167	0.8491986219447003
16221	0.7909851308557116
16238	0.9214927210985183
16239	0.9094629600498646
16240	0.9099394737340284
16242	0.8944747727038478
16258	0.3775996308120244
16341	0.38308517976848566
16346	0.3284388121811837
16347	0.39501089052077204
16351	0.9262155058128371
16352	0.8625706789076567
16386	0.8795086481091675
16418	0.8748675812380637
16429	0.897151127403753
16433	0.8685203708641172
16533	0.35842810326935975
16536	0.3619083443179041
16560	0.3155458607305078
16568	0.31554587235765597
16586	0.3736764203799581
16616	0.4037645118718436
16629	0.775142958995612
16645	0.31554586610024205
16666	0.742840679790119
16670	0.3155463177885121
16719	0.31554604245017337
16726	0.3240060039874035
16764	0.36141742362701634
16770	0.3379205039674184
16827	0.7756225926991113
16833	0.7041762880921427
16862	0.40546247386663514
16872	0.3436535655106952
16875	0.3159843253823543
16880	0.31550001527575644
16887	0.3766831559621202
16904	0.3152727693320773
16932	0.31567126577850724
16945	0.330746422645458
16958	0.8853766162269369
17014	0.7972334613640685
17112	0.8658380231672715
17114	0.4210774310992293
17126	0.834633433513626
17127	0.8857139410608477
17144	0.8197972001325343
17191	0.8602220537800785
17208	0.8529645083525828
17261	0.898993292035647
17297	0.8615464508760708
17308	0.8556868478074596
17331	0.9020496756738886
17332	0.7714479671227774
17338	0.8812450745363964
17443	0.8758655161596852
17446	0.8303608838092145
17450	0.8558574247990427
17451	0.4027662375970841
17461	0.8658388219164554
17467	0.8054556581114446
17468	0.3729795399395351
17470	0.3738598197633787
17476	0.3155458650670412
17487	0.9047096948272527
17557	0.8636713932667088
17558	0.8617429910178771
17740	0.8846829851718186
17767	0.9244574780166822
17881	0.8101215860518104
18064	0.8791669668467164
18196	0.8412481156044369
18205	0.8897653902859879
18273	0.8874729898462451
18313	0.9073669896190181
18316	0.8808109164987401
18357	0.8575134387523585
18380	0.9019984924849997
18399	0.889212614064218
18408	0.8738210062036256
18462	0.45180414153607235
18492	0.3294299229563738
18586	0.9033028614180864
18619	0.9103622645438768
18623	0.8683297884982564
18628	0.8775161036278762
18729	0.3418801368097804
18740	0.8366800029495269
18747	0.8924312876806567
18785	0.31555452895864594
18844	0.8309018981398352
18886	0.8404379578524463
18905	0.8173981471247317
18926	0.8670485978848631
18943	0.4201264045026189
18944	0.8534820674874971
18959	0.8718067827032675
19050	0.8915861652775293
19071	0.8706484722325556
19141	0.9238842522824927
19149	0.7974920543029431
19186	0.934133349723383
19201	0.8696686151082601
19241	0.9014979805586167
19242	0.891765392918283
19260	0.876787774257045
19392	0.9091083238111615
19403	0.873099868769642
19593	0.914089546603062
19628	0.8920549094994965
19737	0.31554599205131245
19986	0.3155461007726664
20167	0.31554585723072165
20253	0.8721524854213109
20345	0.3829440000080059
20385	0.8437419061231799
20414	0.9181752061917487
20415	0.8342153416602451
20546	0.9061184917813739
20596	0.8286519407272619
20608	0.811019037177434
20625	0.8962327511464694
20639	0.9479542206666526
20661	0.8071828134135559
20666	0.7975711339258654
20668	0.7292934403619652
20673	0.7895668123707753
20695	0.8970039923193606
20720	0.7812762652922127
20741	0.9143353460045383
20758	0.8291170471410193
20764	0.8911734160599267
20768	0.8793392030425297
20773	0.8557586016358091
20778	0.9004829500984306
20822	0.8911404862688607
20859	0.8634484540730397
20867	0.9133054202095316
20878	0.8691383676526646
20887	0.907592146258275
20915	0.9042601956261618
20962	0.9118242394194719
20977	0.9144733759405044
20987	0.875570187956797
20999	0.38739046721471393
21005	0.9132384589684499
21014	0.89522170328285
21019	0.9154110260245967
21041	0.878651345368526
21092	0.8992889409552517
21101	0.37383630084149005
21239	0.7882371933464593
21243	0.8198945504193761
21258	0.8284624018385283
21402	0.8696285470267563
21442	0.8496352362671271
21543	0.9554162925466475
21549	0.886956949368709
21869	0.31554589172896014
21898	0.83548593637396
21908	0.7758537794820334
21926	0.33512052338418924
21940	0.8629600214875702
21941	0.31554581747188976
21991	0.8084119775326939
22097	0.8603496047475441
22136	0.809410312851194
22157	0.860035738657633
22288	0.8708694227643012
22329	0.8657608250516973
22357	0.8651502427335239
22380	0.9040819797922597
22383	0.9567440246429487
22543	0.8859439594148182
22638	0.8519162571243077
22662	0.9004572268860757
22666	0.8793166538864021
22675	0.3415667486965538
22711	0.8938464002862925
22721	0.8702313297113264
22856	0.8275076916211922
22883	0.9058368611763743
22916	0.899012989707659
22925	0.7937321262118604
22949	0.8854705918662044
22987	0.8711583744198812
23057	0.8667381790673335
23077	0.9182175151477618
23084	0.905268879106533
23090	0.8256242683862914
23094	0.9008758946567955
23107	0.8762865256729715
23225	0.8004267070768575
23336	0.8630437648944731
23340	0.8483567444860538
23461	0.858036651540776
23471	0.883833934201741
23475	0.8006893488584241
23535	0.8848075139320595
23563	0.8875505982977998
23564	0.8941759802438223
23567	0.7788039932268108
23586	0.8899330832549032
23675	0.9227130087631565
23678	0.8633182361569608
23688	0.893591059645573
23726	0.8954736495530146
23755	0.8671960966608233
23836	0.8800362664904811
23838	0.9421145955488387
23849	0.908487908461803
23862	0.821106179147408
23905	0.9117574296126575
23925	0.8976774913409276
23937	0.823004884954036
23951	0.8558184951982166
23982	0.9136982764413465
24028	0.9595522932921675
24070	0.9011185833304682
24071	0.90482995498588
24084	0.8789860499515935
24145	0.9158075296568969
24149	0.9104196324175771
24199	0.8533119565859375
24207	0.9168205672301926
24216	0.87400523031905
24227	0.9036615714951822
24231	0.8173041744565234
24234	0.9132182231636924
24258	0.3150963018923818
24273	0.9053416654712366
24404	0.8183160190490066
24419	0.8150000728734786
24477	0.9201581635873259
24575	0.755823600083311
24703	0.8998996547931086
24791	0.8901284023327207
24806	0.8556539476372446
24886	0.8920311812331576
24975	0.9297238079769671
24987	0.8945069356124591
25019	0.8660792897466194
25380	0.8888074342316404
25557	0.8803490639086854
25594	0.8871263392124564
25622	0.8918332662841577
25644	0.8510324299628178
25655	0.8787387946827346
25835	0.8747686574881145
25894	0.8964357813082069
25920	0.8857484949006346
26039	0.8046159428318391
26042	0.8012565200668624
26056	0.8707848434178326
26075	0.3155458316311078
26109	0.8880657606030768
26153	0.899138057529556
26206	0.8583497458247629
26216	0.8497941837555215
26253	0.843119713049806
26902	0.8932698027664464
26937	0.889342256979742
27052	0.8721704166617567
27202	0.44277154738260355
27236	0.816201667113127
27396	0.8822600993309551
27406	0.8962681893649967
27434	0.3934014759532708
27689	0.8651933053829156
27692	0.3155460094677812
27697	0.7905546858680291
27750	0.3155458743221929
27895	0.8946120564989883
27995	0.31554584721643403
28116	0.8630666923064204
28169	0.9082921626841401
28194	0.8864823778305998
28196	0.8675180688108668
28432	0.3951142991896784
28445	0.8920049144407117
28554	0.875324264321401
28586	0.8643110858699015
28599	0.8885194840994103
28615	0.8478102140971262
28706	0.8615262252650773
28818	0.8940814626300484
28819	0.8736449138764911
28837	0.8979652070990519
28928	0.7237567531584289
29149	0.8259818829502853
29183	0.8633052832204317
29194	0.8156768999491398
29201	0.3552783951824837
29405	0.8877435184334965
29436	0.7612970306676331
29442	0.9021200030786559
29488	0.8900843658623754
29500	0.8417315639317451
29517	0.36294102234182934
29540	0.315991150135124
29618	0.31554627058869344
29694	0.31570000180711544
29708	0.7303253245820037
29712	0.3157030888755883
29727	0.7570778688645884
29733	0.8084205523046577
29758	0.8491811333192744
29911	0.8500367261027229
29915	0.8583535248686255
29932	0.7894322022885611
29958	0.8785395286368041
29962	0.875229029940267
30023	0.8641935805644261
30109	0.9016045456101947
30125	0.8965042337055754
30134	0.8732662519090291
30173	0.3155458693477914
30188	0.35527183318288974
30208	0.352501932109587
30217	0.8621313380480884
30250	0.31554575553561887
30279	0.8855315141644357
30299	0.7905090206340744
30355	0.8874408991428543
30374	0.31554986086966164
30575	0.3155458614896437
30594	0.3150952387383559
30782	0.8931817663976721
30800	0.9067716133477953
30822	0.34410815888215057
30864	0.3331808399300135
30887	0.9092601151827647
30920	0.9420293044651942
30965	0.3561409202661846
30966	0.4214764130045615
31307	0.31554598992670213
31313	0.3831451245325462
31411	0.3155456460260247
31432	0.3529519924818632
31446	0.9092055725047652
31453	0.8708623114874592
31465	0.9247469253079507
31471	0.9058947143925599
31494	0.8853132820182157
31496	0.9431236332206652
31505	0.898177799903784
31508	0.37555714343889235
31513	0.8931771901641284
31559	0.8118836581649463
31561	0.31554598766142133
31566	0.8582788090133655
31573	0.894408513207482
31594	0.8696821527807159
31598	0.8958453653908545
31599	0.9280936406404547
31624	0.315545849030599
31672	0.3159142334649304
31830	0.7325210286492104
31831	0.3155458992912146
31885	0.3155982853345329
31908	0.39767093673138787
31922	0.3841492944602284
31941	0.894740183398345
31945	0.8916310209646231
31967	0.35243759322455587
32110	0.7551641677936952
32150	0.31554610269597233
32197	0.8731701561730421
32202	0.8842919510091963
32241	0.3155458225627083
32392	0.3155458434377322
32436	0.8098643972790421
32521	0.31581922621579434
32587	0.3155457910500808
32637	0.33542606235263145
32663	0.31640580595521484
32709	0.41274137691738233
32911	0.7349860048464852
32932	0.7897465726945037
33183	0.31555145606394314
33251	0.3309030821565383
33289	0.9240798936559319
33324	0.7403296188405178
33393	0.8418193066944124
33414	0.3831987587844179
33441	0.9168620692174962
33474	0.8760242403408649
33485	0.8903303036860934
33531	0.31566062554577856
33565	0.31554827199827856
33690	0.3770677062385323
33712	0.8892556035527994
33719	0.7929454023682421
33743	0.8361731352053381
33759	0.8718675954991807
33824	0.8801507218111496
33868	0.8993265959742224
33919	0.9085305824263514
33920	0.9168934187253587
33924	0.917121075851467
33925	0.9049728611232009
33930	0.8803651233189466
34065	0.8977983006191548
34075	0.9103893793614287
34082	0.8893029355071573
34092	0.8730608406873074
34150	0.7581963943120379
34152	0.4108513219757816
34211	0.37894940084586337
34244	0.8754421047477714
34323	0.8690690098317571
34385	0.8775382509610165
34480	0.8513868570292711
34546	0.39844247385812886
34672	0.37797232866366465
34755	0.9258290475854397
34758	0.8978451043919958
34833	0.7608499314006326
34854	0.8545302307045178
34870	0.9266771096415846
34919	0.31554591458792375
34943	0.8513635964076077
35075	0.9004669283539207
35089	0.9194693043002343
35095	0.9269142956230775
35119	0.8827513906644758
35177	0.7906575308627848
35463	0.5255713895944263
35625	0.8816960747164585
35663	0.8940916275491316
35686	0.8801821171557814
35729	0.828483042383974
35742	0.9082709748623636
35748	0.7608719346313514
35845	0.9474773875027032
35847	0.8546230497020552
35853	0.877156729149243
35946	0.9343720380687245
35963	0.8788781135077207
35982	0.8994727924489538
36062	0.9034515778455623
36076	0.9067684309895802
36087	0.8681027044785017
36090	0.8965964013912122
36166	0.8916461162917275
36176	0.8955166061343895
36178	0.8336657131917364
36257	0.8948886606446631
36285	0.9107233273891997
36355	0.9260876174300914
36425	0.859539945944276
36438	0.9055364257765443
36485	0.8922190798742295
36498	0.8469277217535895
36499	0.8747402999190561
36567	0.9011117122655598
36572	0.9276092210266882
36682	0.8853012492052978
36695	0.8261385220204801
36733	0.8903257556181885
36738	0.9013317621274608
36795	0.826154372003829
36807	0.3665412945058238
36857	0.758513191355221
36867	0.8959022619988253
36909	0.8666661185868966
36925	0.8930021239073537
36943	0.8975774477976548
36955	0.9133773310262098
36958	0.8776403708670212
37293	0.31591500216882623
37351	0.8642276537426614
37424	0.7807811326972176
37455	0.8357863078074975
37489	0.7618685446813973
37685	0.8734205260623977
37714	0.7516998584241317
37917	0.3491686301137545
37982	0.7628645545047789
38030	0.7584499218719282
38046	0.3155461354867615
38126	0.7968966538679162
38143	0.8118036180677947
38159	0.3155559094702726
38203	0.8687941761558631
38205	0.7912720800976096
38235	0.3155546346628593
38279	0.905230844747609
38281	0.9148148158001733
38282	0.9051097548825761
38284	0.8926353101251443
38292	0.8533631809549156
38293	0.8898979783309794
38295	0.8826188122457155
38303	0.8676280405198443
38304	0.8914666564499855
38312	0.8821217985969132
38314	0.8966877741112175
38316	0.8158832424195722
38363	0.7437217388802758
38381	0.8038231527577099
38410	0.3677760918497064
38422	0.8953089944275825
38447	0.8878651293689077
38465	0.8427856749079987
38481	0.3160379401319527
38492	0.7581976015781867
38521	0.3319858204206434
38529	0.9446571029816657
38563	0.8857704325036931
38601	0.8498524856816421
38604	0.814901555717188
38610	0.9106840020384733
38619	0.3157481667275546
38664	0.8150784123583271
38674	0.8601205256241251
38680	0.8955521703088382
38683	0.8617228245855268
38713	0.8893725052918976
38755	0.844294273185266
38793	0.8751365581588662
38840	0.3698934895454256
38846	0.31533811562679287
38851	0.7947069665103378
38893	0.9199660375077526
38912	0.3856589682026196
38916	0.4126185187047537
38930	0.779899843659226
39001	0.4257630110203588
39052	0.315545858671382
39434	0.8774237810469915
39436	0.9435464279571623
39509	0.37910215963548505
39553	0.7834370964836866
39602	0.37201881313383844
39605	0.31554585849675654
39606	0.34494072581822516
39608	0.31596032737054347
39659	0.3164812251753276
39661	0.8813083164531132
39679	0.8742551115795655
39683	0.8459236588786176
39688	0.7586642456252939
39726	0.3436204537550028
39727	0.37200677670471743
39728	0.8613415567665496
39761	0.8680529038458131
39780	0.8682177451002044
39800	0.9210358330290924
39811	0.8862698061895088
39818	0.853227226862656
39820	0.8798655334685845
39825	0.8747770440259113
39826	0.8496424103970242
39876	0.8627686516285946
39889	0.8913336816022256
39904	0.8678210696800644
39915	0.8480033988074398
39943	0.9682793165134506
39958	0.898934195122067
39962	0.8262656560089201
39971	0.3833351892259495
39983	0.3756181376682795
39993	0.32331084888334466
39996	0.3155543471662198
40021	0.3155460222372712
40060	0.907366532034712
40089	0.8945513206910943
40130	0.9011428027868215
40155	0.8967911919843434
40157	0.9100032742947112
40208	0.8199660622652835
40217	0.8987166607623853
40225	0.8810060699175877
40229	0.8980623747833992
40231	0.9139194517330939
40232	0.8898952446729977
40235	0.3794939658101866
40236	0.7759657869314851
40237	0.7852400995417492
40249	0.8063177164696794
40257	0.877801546685993
40262	0.35190766405547175
40266	0.9052216333565405
40281	0.9089921010233006
40404	0.8863471356234623
40482	0.31627199423412794
40549	0.8930875280707137
40569	0.8578169355870928
40817	0.8068744627343822
40850	0.88585878288793
40901	0.8367619762577282
40930	0.3154872278769296
40933	0.9093767117540923
40955	0.9268392390710332
40980	0.9053228036175228
40991	0.9059005222937412
41018	0.9348760590824923
41033	0.7895542416385432
41087	0.3516610115356458
41233	0.4134504242540064
41239	0.3625283961527454
41336	0.9143201257983696
41420	0.8086876990507341
41454	0.8937257235682257
41467	0.3426186904020309
41501	0.7965447230269671
41540	0.7620373527530009
41730	0.8256195938604171
41737	0.7149066746281059
41760	0.82276032641229
41791	0.9280141014129062
41857	0.9269769624664785
41958	0.8672378591748277
41983	0.8650455290760962
42118	0.8292170706435901
42130	0.8749072802922204
42146	0.3155458520986721
42162	0.31556405258739223
42167	0.9149400678034703
42176	0.8072812116401765
42228	0.81959546227229
42243	0.9081301983097483
42255	0.6581942744597941
42329	0.9070327915250995
42335	0.8866500831348667
42342	0.876391918982564
42610	0.9138986271954257
42644	0.7600521392177347
42653	0.8874837276533998
42665	0.8785964255697722
42710	0.8314659445509902
42737	0.7095242738744844
42746	0.8916189060001066
42775	0.8463597273750755
42780	0.8782330289928281
42783	0.8873646794758097
42784	0.661088547593626
42797	0.9060090600847917
42973	0.5736924995408487
43151	0.8741326965616164
43175	0.9101153820689405
43187	0.8927507077371614
43367	0.8444764824691952
43477	0.9252696177632973
43490	0.8828889119211984
43585	0.8890511830567505
43757	0.904209044473777
43760	0.8875133531127611
43803	0.9077173656866392
43805	0.8901526559307852
43835	0.9777625745231106
43887	0.9042245020348118
44204	0.8141867723644565
44370	0.8005674132456934
44383	0.8793978606444223
44389	0.9024684175125012
44536	0.8995624031418364
44675	0.7582292513133728
44701	0.5255854761415214
44752	0.895871231488103
44753	0.9220881737004895
44770	0.8011657032550237
44915	0.31587803927076624
45039	0.31554603035008105
45212	0.9126601140512177
45411	0.8579386505944538
45459	0.3769773012736696
45562	0.31556341135041327
45581	0.8147395782628608
45585	0.9142523314311329
45595	0.8562479836965268
45664	0.8828554169037548
45778	0.81642104767185
45842	0.8906116807615398
45881	0.3155460293896408
45887	0.6747241311680057
45891	0.8497933532536
45894	0.3158928033066101
45977	0.9151898092859708
46121	0.7753812241845505
46295	0.9010413160801718
46339	0.897711687770814
46553	0.9338046518429325
46578	0.8942813314322879
46634	0.8681920911147355
46717	0.8132925547162391
46739	0.9150807496071974
46859	0.9233170504127263
46936	0.3155458573738175
46952	0.8862644043581098
47128	0.871688539146644
47155	0.8954482315714892
47194	0.3390528946702178
47389	0.4448221364987374
47459	0.3788854402021001
47506	0.3403217029092392
47658	0.3155458529135911
47861	0.8236034212532375
47873	0.864684449357584
48022	0.8969240998559462
48024	0.8406905687812357
48095	0.8561134984472947
48112	0.8483774274824746
48118	0.7862948441903022
48132	0.7905089849522632
48249	0.6918417380600588
48310	0.7679578940350179
48471	0.3153964764502154
48496	0.31554599639027114
48571	0.3177554102500472
48587	0.8116377280344518
48601	0.9038528243041374
48739	0.8320559019599765
48745	0.8863916744137726
48747	0.8765516678589275
48786	0.813998889151063
48795	0.8510903304515827
48797	0.8902520403015844
48801	0.9034561971994789
48803	0.8583003502723123
48805	0.8439728932412404
48841	0.8412289755407649
48941	0.9229943676023643
48954	0.7998092189093452
49002	0.31558000853689266
49053	0.31554603971922446
49093	0.8771640453612414
49096	0.36620781249531564
49142	0.3846804093510396
49192	0.3154999329737861
49212	0.9161804711668988
49220	0.8331623711801383
49224	0.8092336025413769
49491	0.3156187609680178
49557	0.3155458605292034
49653	0.8915078920509328
49662	0.7934886669885972
49797	0.31554603027246975
49827	0.31554600329040394
49844	0.32730437452792266
49847	0.39809607748150017
49917	0.31554587704829107
49967	0.31554591310360697
49971	0.31619244925363904
49975	0.3687380626996234
49996	0.9028984172585052
50043	0.8507097377978647
50149	0.9076070256585181
50260	0.350888976054394
50322	0.8578495136993705
50326	0.7608322125581579
50334	0.316301784399295
50382	0.9131341390478783
50520	0.896253164183987
50655	0.8892023020498264
50684	0.872229116787385
50737	0.86006074275731
50790	0.9081581432872466
50863	0.9175309946491556
50927	0.8917693712074206
50944	0.8598972782237166
50968	0.7905075154277108
51047	0.8470669832529033
51060	0.8598514571534768
51063	0.9181547293067812
51090	0.8849594469564762
51110	0.8756549822163292
51177	0.8706229741464308
51233	0.31605551234236146
51341	0.930177055497533
51348	0.31555850161853644
51449	0.8212423905940048
51513	0.8611133648377074
51606	0.7871856342430371
51739	0.8614888974991527
51740	0.8732428572525897
51746	0.8581007940958076
51781	0.8599045821998028
51802	0.8539137608316797
51803	0.31557854275951275
51840	0.3155490903782797
52034	0.4023415993512636
52037	0.3406199573020037
52147	0.8154542470661119
52174	0.8648500710933916
52222	0.8846337434983924
52278	0.31560327437064223
52314	0.8634461719966127
52336	0.7660310561857451
52377	0.7897374405227804
52404	0.9304662627417922
52440	0.8740385315021839
52453	0.9000905751684612
52456	0.8633113241181177
52513	0.8549075482374974
52525	0.8594544581086204
52561	0.893426027680728
52567	0.8832111485367174
52571	0.8939520528080434
52583	0.8880940915757007
52634	0.6356410754586086
52682	0.8879191501858632
52709	0.7780889430317564
52729	0.9105024255634172
52732	0.9239309164640707
52812	0.9612329362568528
52936	0.8587413104196313
52942	0.891208118493891
52945	0.8794733343404163
53001	0.8526331687180982
53023	0.9053621188084401
53068	0.8655693286256113
53104	0.9422419263086924
53260	0.869242143677849
53333	0.8146811384480762
53364	0.8890953668431116
53377	0.31560919524482356
53383	0.3543293214131878
53388	0.8525131884962813
53393	0.3155458651761821
53399	0.31611950741160266
53415	0.31585747456129665
53497	0.3891920197435988
53534	0.3155459968729167
53613	0.31554586836067217
53649	0.731186489776865
53719	0.3155463695455713
53784	0.3155461406066843
53847	0.31554586337656926
53877	0.3928724139865684
53878	0.3472538757139453
53880	0.7891318131184079
53954	0.8503585914159127
53971	0.7581976005498365
53987	0.36756408576969174
54009	0.3798499801497143
